0.98453,-0.175214
-0.948855,0.315712
0.999899,-0.0142353
-0.997907,0.0646713
-0.907694,0.419633
0.997179,-0.0750647
0.997795,0.0663684
-0.997907,0.0646713
0.96624,-0.257642
-0.948855,0.315712
0.96624,-0.257642
0.971289,-0.237902
-0.994923,-0.100644
0.98453,-0.175214
0.997179,-0.0750647
0.994036,0.109053
0.987037,0.160491
-0.994923,-0.100644
-0.909131,0.41651
-0.867731,0.497033
0.999291,-0.0376625
0.881859,-0.471514
-0.998109,-0.0614644
0.994331,0.106327
0.947906,0.318551
-0.909131,0.41651
-0.917816,-0.397007
0.972583,-0.232557
0.972583,-0.232557
-0.971909,0.235358
0.884809,-0.465954
-0.998109,-0.0614644
-0.919517,-0.393051
0.994331,0.106327
0.997746,0.0670988
0.979878,0.199596
0.901291,0.433215
0.999986,0.00537226
-0.881145,0.472846
-0.793149,0.609028
0.786841,-0.617155
0.992978,-0.118296
0.808156,-0.588969
0.500342,0.865828
0.987451,-0.157926
0.957349,0.288934
0.820396,0.571796
-0.818748,-0.574153
-0.881145,0.472846
-0.83068,-0.55675
0.977672,-0.210136
0.977672,-0.210136
-0.856979,0.515352
-0.938499,0.345282
-0.769431,0.63873
-0.998109,-0.0614644
0.987451,-0.157926
0.500342,0.865828
0.400012,0.91651
-0.919517,-0.393051
0.987451,-0.157926
0.99199,0.126314
0.989872,0.141963
0.964156,0.265337
-0.72128,-0.692644
0.900688,0.434466
0.956154,-0.292863
-0.83068,-0.55675
-0.865475,0.500953
-0.686139,0.72747
0.68169,-0.731641
0.702676,-0.71151
-0.999696,0.0246567
-0.655329,0.755344
0.510521,0.859866
0.454027,0.890988
0.983867,0.178903
0.949116,0.314928
-0.685917,-0.72768
-0.628801,-0.777567
0.385385,0.922756
-0.865475,0.500953
0.280618,0.959819
0.983857,-0.178956
0.983857,-0.178956
-0.825855,0.563882
-0.636956,0.7709
-0.92902,0.370031
-0.403039,0.915183
0.983867,0.178903
0.312184,0.950022
0.958971,0.283505
-0.947051,-0.321084
0.955064,0.2964
0.93425,0.356618
0.804127,0.594457
0.75779,0.652498
0.956256,0.292531
0.385385,0.922756
-0.99765,0.0685229
0.973987,-0.226602
-0.577614,0.81631
0.558737,-0.829345
0.567,-0.823718
-0.521618,0.853179
-0.995684,-0.0928135
-0.34231,0.939587
0.510644,0.859792
-0.633569,-0.773687
0.349414,0.936969
-0.753617,-0.657314
-0.836448,-0.548047
0.216119,0.976367
-0.685917,-0.72768
0.78946,0.613802
0.892359,0.451326
-0.99765,0.0685229
0.215503,0.976503
0.997424,-0.0717289
-0.467014,0.88425
0.499103,-0.866543
-0.803968,0.594672
-0.646848,0.762619
-0.222069,0.975031
0.587187,0.809451
-0.753617,-0.657314
0.1918,0.981434
-0.902016,-0.431702
-0.875131,-0.483885
0.741884,0.670528
-0.903138,-0.42935
-0.932248,-0.361819
0.78946,0.613802
0.816102,0.577908
0.806808,0.590814
-0.291253,-0.956646
0.581166,-0.813785
0.916779,-0.399395
-0.934705,0.355424
0.997424,-0.0717289
0.482491,-0.875901
-0.472553,0.881302
0.483505,-0.875342
-0.442074,0.896979
-0.323758,0.94614
-0.108555,0.99409
-0.571679,0.820478
-0.144736,0.98947
0.499174,0.866502
-0.766422,-0.642338
0.682133,0.731228
0.299181,0.954196
-0.836448,-0.548047
-0.823591,-0.567184
-0.932248,-0.361819
0.869269,0.49434
0.178447,0.98395
0.732767,0.68048
0.892359,0.451326
0.78946,0.613802
0.501034,0.865428
-0.291253,-0.956646
0.916779,-0.399395
0.183979,0.98293
0.916779,-0.399395
-0.934705,0.355424
0.973987,-0.226602
0.154971,0.987919
-0.921765,0.387748
-0.921765,0.387748
0.253919,-0.967225
-0.203964,0.978978
0.440696,0.897656
0.159952,0.987125
-0.471715,0.881751
0.0760152,0.997107
0.600795,0.799403
0.161269,0.98691
0.587295,0.809373
-0.893856,-0.448354
-0.875131,-0.483885
0.741884,0.670528
-0.185314,0.982679
-0.480515,0.876987
-0.916694,-0.39959
0.890954,0.454093
0.732767,0.68048
0.87893,0.476951
0.808586,0.588378
0.802524,-0.59662
0.999986,-0.0053658
0.948026,-0.318194
-0.962767,0.270333
-0.921765,0.387748
-0.364541,0.931187
0.435693,-0.900095
0.337604,-0.941288
-0.385625,0.922656
-0.310655,0.950523
-0.121809,0.992554
0.163197,0.986593
-0.552096,0.833781
0.184637,0.982807
0.400584,0.91626
0.791565,0.611085
0.845071,0.534655
0.679383,0.733784
0.173959,0.984753
0.883836,0.467797
-0.185314,0.982679
-0.916694,-0.39959
0.908617,0.417631
-0.0139244,0.999903
0.178447,0.98395
0.492683,0.870209
0.375387,0.926868
0.802524,-0.59662
0.32498,0.945721
0.999986,-0.0053658
0.114657,0.993405
0.13024,0.991483
-0.963144,0.268985
0.915631,0.402019
0.192118,-0.981372
0.362871,0.931839
0.228452,0.973555
0.278704,0.960377
-0.0427332,0.999087
-0.377003,0.926212
0.5833,0.812257
0.495549,0.86858
0.0716713,0.997428
-0.0910515,0.995846
-0.600475,-0.799644
-0.958231,-0.285996
-0.493787,0.869583
-0.542727,0.839909
0.858145,0.513408
0.89134,0.453336
0.492683,0.870209
0.988964,0.148155
0.909771,0.415112
0.222607,0.974908
0.994589,-0.103885
0.962707,-0.270547
0.915631,0.402019
-0.921765,0.387748
-0.963144,0.268985
-0.960128,0.279561
0.383219,-0.923657
-0.329612,0.944116
-0.338296,0.94104
0.234767,-0.972052
-0.280954,0.959721
-0.142963,0.989728
0.38223,0.924067
0.400719,0.916201
-0.501309,0.865268
0.715969,0.698132
0.168051,0.985778
0.933994,0.357289
0.796121,0.605138
0.948382,0.317129
0.518031,0.855362
0.0170485,0.999855
0.959783,0.280742
0.858145,0.513408
0.971049,0.23888
0.497047,0.867723
0.427984,0.903786
-0.0139244,0.999903
0.328427,0.944529
0.430247,0.902711
0.988964,0.148155
0.909771,0.415112
0.269855,0.962901
0.0831505,0.996537
0.00978401,0.999952
0.95806,0.286566
-0.985572,0.169257
0.944172,0.329453
0.192118,-0.981372
0.929731,0.368239
0.74723,0.664566
0.11898,0.992897
-0.017302,0.99985
0.518353,0.855167
-0.140913,0.990022
-0.311937,0.950103
0.817691,0.575658
0.0883698,0.996088
-0.0105672,0.999944
-0.330669,0.943747
-0.0931675,-0.99565
-0.9761,-0.21732
-0.976107,-0.21729
-0.59115,0.806561
-0.454252,0.890873
0.758246,0.651969
0.377722,0.925919
0.497047,0.867723
-0.195626,0.980679
0.909771,0.415112
0.994589,-0.103885
0.909771,0.415112
-0.760942,0.64882
0.0533032,0.998578
0.985782,-0.168029
-0.981628,0.190807
-0.985572,0.169257
-0.984793,0.173733
0.929731,0.368239
-0.322833,0.946456
-0.225547,0.974232
-0.238457,0.971153
-0.188233,0.982124
-0.157876,0.987459
-0.0031797,0.999995
0.414123,0.910221
0.759903,0.650037
0.757983,0.652274
-0.250047,0.968234
0.83366,0.552277
-0.153,0.988226
0.999478,0.0322981
-0.999016,-0.0443586
0.101035,0.994883
0.995938,0.0900377
-0.134461,0.990919
-0.180733,0.983532
0.976936,0.213534
-0.976107,-0.21729
0.971049,0.23888
0.377722,0.925919
-0.312556,-0.949899
0.412427,0.910991
0.458761,0.88856
0.390427,0.920634
0.362832,0.931855
0.216929,0.976187
-0.760942,0.64882
-0.760942,0.64882
0.0314638,0.999505
-0.00921894,0.999958
-0.168814,0.985648
-0.993401,-0.114694
0.981124,0.193378
-0.995956,0.0898401
0.972024,0.23488
-0.952551,-0.304379
-0.157876,0.987459
0.830258,0.557379
0.285433,0.958399
-0.0276735,0.999617
-0.112781,0.99362
0.77057,0.637356
-0.297862,0.954609
-0.424432,0.90546
0.831783,0.555101
-0.260329,0.96552
-0.186752,0.982407
-0.312556,-0.949899
0.992289,0.123942
0.0379013,0.999281
-0.170113,-0.985425
0.683794,0.729675
0.64329,0.765623
0.999999,-0.00146005
0.992537,-0.121946
-0.985263,-0.171045
-0.883004,-0.469365
0.458761,0.88856
-0.585459,0.810702
0.985782,-0.168029
-0.354278,0.93514
0.956828,-0.290655
-0.981387,0.19204
-0.995956,0.0898401
-0.984793,0.173733
-0.999999,-0.00148633
-0.207044,0.978332
-0.170435,0.985369
-0.200136,0.979768
-0.0949816,0.995479
0.102533,0.99473
-0.169815,0.985476
-0.952551,-0.304379
0.334274,0.942476
0.615735,0.787953
0.746798,0.66505
0.834413,0.551139
-0.0222705,0.999752
0.787723,0.61603
-0.341545,0.939866
-0.960301,0.278967
0.993486,-0.113957
-0.79201,0.610509
-0.540977,0.841037
0.999543,-0.0302415
-0.483011,0.875614
-0.31481,0.949155
-0.999448,-0.0332177
0.683794,0.729675
0.582805,0.812612
-0.985263,-0.171045
-0.999899,-0.0142096
-0.883004,-0.469365
0.370983,0.92864
0.412427,0.910991
0.26573,0.964047
-0.00921894,0.999958
0.406322,0.91373
0.332785,0.943003
0.231926,0.972733
-0.0729549,0.997335
-0.585459,0.810702
-0.300847,0.953672
-0.165604,0.986192
-0.168814,0.985648
-0.999999,-0.00148633
-0.0964696,0.995336
0.998216,0.0597088
-0.999926,0.012141
-0.990996,-0.133891
-0.983099,0.183073
-0.978597,-0.205788
-0.169815,0.985476
-0.952551,-0.304379
-0.00789311,0.999969
0.869954,0.493134
-0.0604765,0.99817
0.780293,0.625414
-0.188786,0.982018
-0.0896497,0.995973
0.860005,0.510286
-0.37683,0.926283
-0.354037,0.935232
0.834537,0.550952
-0.445064,0.895499
0.326107,-0.945333
-0.186752,0.982407
-0.31481,0.949155
0.98278,-0.184781
0.992289,0.123942
0.999999,-0.00146005
0.26781,0.963472
0.0379013,0.999281
0.196589,0.980486
0.63235,0.774683
0.63235,0.774683
0.492371,0.870386
0.981807,-0.189883
0.992537,-0.121946
0.988532,-0.151012
-0.99999,-0.00448608
-0.99999,-0.00448608
-0.90312,-0.429389
0.26573,0.964047
-0.00921894,0.999958
-0.165604,0.986192
0.956828,-0.290655
-0.893749,0.448567
-0.354278,0.93514
-0.300847,0.953672
-0.0964696,0.995336
-0.989894,0.141811
0.326107,-0.945333
-0.999998,0.00186082
-0.952551,-0.304379
-0.978597,-0.205788
-0.00789311,0.999969
-0.263954,0.964535
-0.207597,0.978215
-0.0735692,0.99729
-0.307933,0.951408
0.0504803,0.998725
0.24101,0.970523
-0.295319,0.955399
-0.00789311,0.999969
0.460114,0.88786
0.644822,0.764332
0.689573,0.724216
0.894024,0.448019
0.54298,0.839746
0.763001,0.646397
0.390739,-0.920501
-0.853902,0.520435
0.904908,-0.425607
0.924795,-0.380466
-0.780104,0.625649
0.667636,-0.744488
-0.98444,0.175722
-0.61283,0.790215
0.452402,-0.891814
-0.995096,0.098917
0.26781,0.963472
0.538482,0.842637
0.988532,-0.151012
-0.90312,-0.429389
-0.999742,-0.0226946
0.25887,0.965912
0.123223,0.992379
-0.141745,0.989903
0.0842267,0.996447
0.0413282,0.999146
-0.418185,0.908362
-0.937554,0.34784
-0.217293,0.976106
-0.999998,0.00186082
0.456809,-0.889565
-0.999593,-0.0285228
-0.996646,-0.0818388
-0.994513,0.104616
-0.9826,-0.185732
-0.96206,0.272838
-0.00789311,0.999969
-0.964566,-0.263843
-0.295319,0.955399
-0.945137,-0.326675
0.900208,0.43546
-0.331642,0.943405
0.947012,0.321198
-0.243854,0.969812
-0.145959,0.989291
0.929143,0.369721
-0.385729,0.922612
-0.22873,0.97349
0.88365,0.468148
0.452402,-0.891814
0.454688,-0.890651
-0.768279,0.640115
0.474622,-0.880189
0.342397,0.939555
-0.8704,0.492344
0.23284,0.972515
0.475537,0.879696
0.475537,0.879696
0.418303,0.908308
-0.932551,0.361038
0.54298,0.839746
-0.100281,-0.994959
0.988532,-0.151012
-0.99996,0.00893117
-0.99996,0.00893117
-0.834595,-0.550865
-0.418185,0.908362
-0.998885,0.0472141
-0.998679,0.0513763
-0.854703,0.519118
-0.402226,0.915541
-0.28821,0.957567
-0.15323,0.98819
-0.00672718,0.999977
-0.422881,0.906185
0.141093,0.989996
0.328121,0.944636
-0.945137,-0.326675
-0.399398,0.916778
0.508498,0.861063
0.68055,0.732701
0.59542,0.803415
0.924535,0.381096
-0.404228,0.914658
0.276067,-0.961138
0.715757,0.698349
0.448196,-0.893936
-0.619761,0.78479
-0.851744,0.523959
-0.376864,0.926268
0.128202,0.991748
-0.816174,0.577807
-0.762783,0.646654
-0.990318,0.138819
-0.322661,-0.946514
0.74698,-0.664846
0.354896,-0.934906
-0.999776,0.02117
0.342397,0.939555
0.495841,0.868414
-0.100281,-0.994959
-0.100281,-0.994959
-0.834595,-0.550865
-0.996394,-0.0848489
-0.154223,0.988036
-0.318646,0.947874
0.997703,0.0677457
-0.366733,0.930326
-0.328103,0.944642
-0.0819808,-0.996634
0.457166,-0.889381
-0.854703,0.519118
0.289672,-0.957126
-0.994232,-0.107249
0.999517,0.0310684
-0.966595,-0.256309
-0.981817,0.189831
0.990145,-0.140043
-0.946479,-0.322767
-0.932508,0.361149
-0.936545,-0.350546
-0.942762,-0.333466
-0.399398,0.916778
0.899921,0.436052
0.986304,-0.164937
0.938999,0.343919
-0.50824,0.861216
-0.578658,0.81557
0.899963,-0.435966
0.92313,0.384488
-0.385729,0.922612
-0.295787,0.955254
-0.22873,0.97349
0.538883,-0.842381
0.861653,0.507497
0.448196,-0.893936
0.454688,-0.890651
0.247165,-0.968974
0.247165,-0.968974
-0.847427,0.530912
0.368768,0.929521
-0.823028,0.568001
-0.994694,-0.102881
-0.994694,-0.102881
0.358797,0.933415
-0.208599,0.978001
-0.229877,0.97322
-0.100281,-0.994959
0.276067,-0.961138
-0.987725,0.156206
-0.987725,0.156206
-0.99995,0.00997229
-0.328103,0.944642
-0.998885,0.0472141
-0.0886639,0.996062
-0.839475,0.543399
-0.396045,0.918231
0.531356,-0.847149
-0.238043,0.971255
-0.116261,0.993219
0.022341,0.99975
0.0846615,-0.99641
0.207758,0.97818
0.390364,0.920661
-0.919867,-0.39223
0.558001,0.82984
0.596187,0.802845
-0.864381,0.502838
0.899963,-0.435966
-0.295787,0.955254
0.538883,-0.842381
-0.447022,0.894523
0.657565,0.753398
0.195707,-0.980662
0.330364,0.943854
-0.950915,0.309451
-0.915689,0.401887
0.378311,0.925679
-0.357249,-0.934009
-0.851151,0.524921
-0.806039,0.591862
-0.843476,-0.537168
-0.439057,-0.898459
-0.816156,0.577831
0.240517,-0.970645
-0.993093,-0.117327
-0.847427,0.530912
0.427974,0.903791
-0.208599,0.978001
-0.997243,-0.0742039
-0.464907,0.885359
-0.318646,0.947874
0.997703,0.0677457
0.994608,0.103707
0.457166,-0.889381
0.501586,-0.865108
-0.366733,0.930326
0.990305,-0.138911
-0.0886639,0.996062
0.372433,-0.928059
0.934991,0.354672
-0.938933,-0.3441
0.988099,0.153821
-0.912278,-0.409571
-0.964759,0.263134
-0.988703,0.149888
-0.903691,-0.428186
-0.897006,0.442018
-0.917664,-0.397358
-0.919867,-0.39223
-0.936472,-0.350742
0.53644,0.843938
0.917829,0.396976
0.999535,0.0305022
0.948111,0.317939
0.899356,-0.437217
0.976443,-0.215778
-0.689107,0.72466
0.899721,-0.436465
0.842256,-0.539078
0.64375,-0.765235
0.802133,0.597146
0.213242,-0.977
-0.816156,0.577831
0.236725,-0.971577
-0.0956918,-0.995411
-0.823028,0.568001
0.402625,0.915365
-0.958942,-0.283601
-0.0867752,0.996228
-0.958942,-0.283601
0.350784,0.936457
-0.256825,0.966458
-0.286787,0.957994
-0.865036,0.50171
-0.900406,0.435051
-0.464907,0.885359
0.501586,-0.865108
-0.464907,0.885359
0.813824,-0.581111
-0.0819808,-0.996634
0.813824,-0.581111
-0.0886639,0.996062
0.813824,-0.581111
0.761638,-0.648002
-0.504483,0.863421
-0.375024,0.927015
0.0468229,-0.998903
-0.231234,0.972898
-0.106211,0.994344
0.0618457,0.998086
0.0846615,-0.99641
-0.919867,-0.39223
0.0653049,-0.997865
0.223077,0.974801
0.381856,0.924222
-0.936472,-0.350742
-0.0621162,0.998069
0.46795,0.883755
0.875632,-0.482979
0.943544,0.331249
-0.971594,0.236656
-0.50824,0.861216
0.976443,-0.215778
0.899356,-0.437217
-0.573851,0.81896
0.802133,0.597146
0.657565,0.753398
0.814783,-0.579766
0.119001,-0.992894
0.165124,-0.986273
0.376351,0.926477
0.531528,0.847041
-0.959023,0.283327
-0.872017,0.489475
-0.353564,-0.93541
-0.392255,-0.919856
-0.823405,0.567455
-0.777477,0.628911
-0.663902,-0.747819
-0.468772,-0.883319
-0.126735,0.991937
0.223391,-0.974729
-0.988413,-0.151791
-0.0867752,0.996228
-0.0867752,0.996228
0.404792,0.914409
-0.62472,0.780849
0.583616,-0.81203
0.587726,-0.80906
0.486858,-0.873481
0.990305,-0.138911
0.583616,-0.81203
0.398938,-0.916978
-0.7002,0.713947
0.856564,0.516041
0.838287,0.545229
-0.876511,-0.481382
0.932959,0.359983
0.852768,0.52229
0.946999,-0.321237
-0.999891,0.0147335
0.897838,0.440325
0.839092,-0.543989
0.307465,0.95156
0.0468229,-0.998903
-0.0303559,0.999539
0.370752,0.928732
0.875632,-0.482979
0.901436,0.432913
-0.771163,-0.636638
0.920931,0.389726
0.943431,-0.33157
0.912659,-0.408721
-0.531549,0.847028
-0.689107,0.72466
-0.971594,0.236656
0.999448,0.033208
0.868529,-0.495638
-0.694964,0.719045
-0.78404,0.62071
-0.174392,0.984676
-0.126735,0.991937
0.325426,-0.945567
0.429786,0.902931
-0.429948,0.902854
-0.938244,-0.345974
-0.222551,0.974921
-0.938244,-0.345974
0.368486,0.929633
-0.27312,0.96198
-0.431187,0.902263
-0.720104,0.693867
-0.719352,0.694645
0.583616,-0.81203
0.994608,0.103707
0.587726,-0.80906
0.897838,0.440325
0.307465,0.95156
-0.917664,-0.397358
-0.639941,0.768424
0.676634,-0.73632
0.307465,0.95156
0.0276877,-0.999617
-0.514914,0.857242
-0.383855,0.923393
0.0968743,-0.995297
-0.242793,0.970078
-0.104275,0.994548
0.0158993,0.999874
0.0720925,-0.997398
0.109484,0.993989
-0.0545294,0.998512
0.46795,0.883755
-0.313501,-0.949588
0.232213,0.972665
-0.959999,0.280004
0.900993,0.433834
-0.771163,-0.636638
1,0.000420432
-0.531549,0.847028
0.999448,0.033208
0.901436,0.432913
-0.610894,0.791713
-0.930869,0.365353
0.119001,-0.992894
-0.670199,-0.742181
0.223391,-0.974729
-0.128435,0.991718
-0.169602,-0.985513
-0.18444,-0.982844
0.993779,0.111368
0.986234,-0.165356
0.950283,-0.311388
-0.271186,-0.962527
-0.323454,-0.946244
0.850877,-0.525365
-0.756342,0.654176
-0.325935,-0.945392
-0.334427,-0.942422
-0.0021569,0.999998
-0.108981,0.994044
0.57358,-0.819149
-0.429948,0.902854
0.176204,0.984354
-0.61533,0.788269
0.559661,-0.828722
0.465782,-0.8849
0.74731,0.664476
0.710241,0.703958
0.751547,0.65968
0.798344,0.602201
0.803585,0.59519
0.845474,0.534017
0.869254,0.494366
0.925964,0.377612
-0.897828,-0.440346
-0.80613,0.591738
-0.0484504,0.998826
0.0276877,-0.999617
-0.992731,0.120352
0.0317153,0.999497
0.232213,0.972665
0.900993,0.433834
-0.17404,-0.984739
0.981314,0.192413
0.981314,0.192413
0.922886,0.385073
0.996408,-0.0846853
0.949688,-0.313199
0.891799,-0.452431
-0.864053,0.503401
1,0.000420432
-0.985811,0.167861
0.821618,-0.570039
-0.718661,0.695361
-0.95608,0.293105
-0.670199,-0.742181
-0.00373708,0.999993
0.950283,-0.311388
-0.872017,0.489475
0.986234,-0.165356
-0.679344,0.73382
-0.0021569,0.999998
-0.194595,0.980884
0.551702,-0.834041
-0.556834,-0.830623
-0.912969,-0.408029
-0.589848,-0.807514
-0.222551,0.974921
-0.506556,-0.862207
-0.27312,0.96198
-0.912969,-0.408029
0.417138,0.908843
-0.37036,0.928888
-0.521045,0.853529
-0.564456,0.825463
-0.897828,-0.440346
-0.597551,0.801831
-0.0303559,0.999539
-0.0484504,0.998826
-0.992731,0.120352
0.0962942,-0.995353
-0.514914,0.857242
0.00298621,0.999996
-0.462848,0.886438
-0.368107,0.929783
0.0868276,-0.996223
-0.276788,0.960931
-0.168327,0.985731
-0.056333,0.998412
-0.0475672,0.998868
0.0591635,0.998248
-0.313501,-0.949588
0.0619602,0.998079
-0.134987,-0.990847
-0.104286,0.994547
-0.181235,-0.98344
0.710761,-0.703434
0.900993,0.433834
-0.17404,-0.984739
-0.189237,-0.981932
0.920931,0.389726
0.922886,0.385073
0.981314,0.192413
0.710761,-0.703434
0.922886,0.385073
-0.864053,0.503401
-0.596838,0.802362
-0.120259,-0.992743
0.154737,0.987956
0.272738,0.962088
0.208141,0.978099
-0.0671942,-0.99774
0.0616096,-0.9981
-0.131163,-0.991361
0.891133,-0.453742
0.863541,-0.504279
0.766979,-0.641672
-0.216182,-0.976353
-0.248002,-0.968759
0.761292,-0.648409
-0.644557,0.764556
-0.247305,-0.968938
-0.180166,-0.983636
0.0885724,0.99607
-0.587758,0.809037
0.407681,0.913124
0.607511,-0.794311
0.634194,-0.773174
-0.506556,-0.862207
0.334136,-0.942525
-0.53908,0.842255
-0.650756,0.759287
-0.436455,0.899726
0.619026,0.785371
0.656345,0.754461
0.779108,0.62689
0.707322,0.706891
0.806178,0.591673
0.66953,0.742785
0.235878,-0.971783
0.673135,0.739519
0.670531,0.741881
-0.125538,0.992089
0.594068,0.804415
-0.625149,0.780506
-0.462848,0.886438
0.114347,0.993441
-0.168865,0.985639
0.0619602,0.998079
0.710761,-0.703434
-0.17404,-0.984739
-0.984148,0.177348
0.29128,-0.956638
0.941226,-0.337777
0.992746,0.120232
0.96568,-0.259734
0.921849,-0.38755
0.792871,0.60939
-0.985811,0.167861
-0.978549,0.206015
0.867013,-0.498286
-0.984148,0.177348
-0.737313,0.675551
-0.281159,-0.959661
-0.587758,0.809037
0.1673,0.985906
0.627905,-0.77829
-0.904904,-0.425616
-0.54652,-0.837446
-0.7444,0.667734
0.577376,-0.816478
-0.904904,-0.425616
0.505189,0.863009
-0.477651,0.87855
0.524867,-0.851184
-0.459448,0.888204
0.779108,0.62689
0.707322,0.706891
0.751547,0.65968
0.235878,-0.971783
-0.125538,0.992089
-0.625149,0.780506
-0.0484504,0.998826
0.283545,0.958959
-0.0319455,0.99949
0.0730898,-0.997325
0.216058,0.97638
-0.453645,0.891183
-0.420727,0.907187
0.00532379,-0.999986
-0.360602,0.93272
-0.249701,0.968323
0.0373758,0.999301
0.151503,0.988457
-0.329188,0.944264
-0.158267,0.987396
-0.134987,-0.990847
-0.181235,-0.98344
0.0158082,-0.999875
-0.437061,0.899432
-0.120259,-0.992743
-0.0532573,-0.998581
0.575364,0.817897
-0.189237,-0.981932
0.29128,-0.956638
0.792871,0.60939
-0.978549,0.206015
-0.562901,-0.826525
-0.131344,-0.991337
-0.281159,-0.959661
0.587391,0.809304
0.654224,0.756301
0.648647,0.761089
0.242995,0.970027
0.114785,-0.99339
-0.0443513,-0.999016
0.674471,-0.738302
-0.162033,-0.986785
0.900193,-0.435491
0.784365,-0.6203
0.785958,-0.61828
-0.210225,-0.977653
-0.23647,-0.971639
-0.547793,0.836614
-0.366666,0.930353
-0.286706,-0.958019
-0.285237,-0.958457
-0.0575401,0.998343
0.500645,0.865653
-0.667772,0.744366
-0.7444,0.667734
0.585982,-0.810324
0.446367,-0.89485
-0.552627,0.833429
-0.727301,0.686319
0.519728,0.854332
0.498665,0.866795
0.594809,0.803867
0.498514,0.866882
0.718396,0.695634
0.853562,0.520991
0.579923,0.814671
0.193155,-0.981168
0.641804,0.766868
0.656524,0.754306
-0.048709,0.998813
0.645619,0.76366
0.0941557,0.995557
-0.453645,0.891183
0.192236,0.981349
-0.439281,0.89835
-0.97261,0.232443
0.998488,-0.0549714
0.905105,0.425189
0.992746,0.120232
0.79662,-0.604481
0.96568,-0.259734
0.990306,-0.138904
0.996126,-0.0879417
0.96809,0.250602
-0.811959,-0.583715
-0.73071,-0.682688
-0.065051,-0.997882
-0.131344,-0.991337
0.835129,-0.550054
-0.366666,0.930353
0.523851,0.85181
-0.795737,0.605642
-0.901594,-0.432582
0.328845,-0.944384
0.517562,-0.855646
-0.462488,0.886626
-0.901594,-0.432582
0.311146,0.950362
-0.625149,0.780505
-0.512995,0.858392
-0.74813,0.663552
-0.304967,-0.952363
0.519728,0.854332
0.498514,0.866882
0.193155,-0.981168
0.221778,0.975097
-0.0621067,-0.99807
-0.0287476,-0.999587
0.403934,0.914788
-0.501488,0.865164
-0.51027,0.860014
0.0738214,0.997271
-0.469739,0.882805
0.139289,0.990252
0.216881,0.976198
0.728968,-0.684548
-0.705186,0.709023
-0.500514,0.865729
-0.0722173,0.997389
0.720334,-0.693627
-0.14947,-0.988766
-0.726874,-0.68677
0.941226,-0.337777
-0.97261,0.232443
0.997708,0.0676726
-0.726874,-0.68677
0.894868,0.446331
0.905105,0.425189
0.79662,-0.604481
-0.840176,-0.542313
-0.919341,0.393462
-0.065051,-0.997882
0.813451,0.581633
0.584612,0.811313
0.768066,0.640371
0.627085,0.778951
0.357046,0.934087
0.049603,-0.998769
0.66723,-0.744851
-0.173913,-0.984761
0.890895,-0.45421
-0.24026,-0.970709
0.74922,-0.662321
-0.812435,0.583052
0.776145,-0.630555
-0.350825,0.936441
-0.264322,-0.964434
-0.293757,-0.95588
-0.25983,0.965654
-0.182046,0.98329
-0.417333,-0.908754
-0.569866,-0.821738
0.639847,0.768502
-0.861686,0.507442
0.328845,-0.944384
-0.915492,0.402337
0.548464,-0.836174
-0.62994,0.776644
-0.751939,0.659233
0.401633,0.915801
0.296284,0.9551
0.430969,0.902367
0.427898,0.903827
0.507608,0.861588
0.775698,0.631104
0.317195,-0.94836
0.559687,0.828704
0.163186,-0.986595
0.689952,0.723855
0.765359,0.643604
0.0297194,0.999558
0.703977,0.710222
0.174119,0.984725
-0.501488,0.865164
0.259517,0.965739
0.705434,-0.708775
-0.941188,0.337882
0.989367,0.145442
0.872095,0.489337
0.925449,0.378873
0.890551,0.454884
0.834918,0.550374
0.961851,0.273573
-0.763484,-0.645827
-0.941188,0.337882
-0.850003,-0.526778
-0.919341,0.393462
-0.906472,0.422265
-0.182046,0.98329
-0.852714,0.522378
0.178584,0.983925
-0.901594,-0.432582
-0.323224,0.946323
-0.370894,0.928675
0.501513,0.86515
0.178584,0.983925
-0.127783,0.991802
-0.383941,0.923357
-0.566632,-0.823971
0.243499,0.969901
-0.999921,0.0125422
-0.772746,-0.634716
0.317195,-0.94836
0.405732,0.913992
0.24347,0.969908
-0.183704,-0.982982
0.484094,0.875016
-0.589781,0.807563
-0.608869,0.793271
0.184356,0.98286
0.242629,0.970119
0.300619,0.953744
-0.930177,0.367111
0.912339,-0.409436
-0.970178,0.242394
-0.978202,0.207654
0.672325,-0.740256
0.850087,-0.526643
0.862825,-0.505503
-0.14947,-0.988766
-0.955835,0.293903
0.943545,0.331243
-0.955835,0.293903
0.88853,0.458819
-0.822376,-0.568944
-0.840176,-0.542313
-0.850003,-0.526778
-0.913816,0.406129
0.668524,0.74369
0.850015,0.526759
0.357046,0.934087
0.82873,-0.559649
0.584612,0.811313
0.799325,0.600898
0.7856,0.618735
0.626611,0.779332
0.984121,-0.177499
-0.356046,-0.934468
0.968451,-0.249203
-0.357004,-0.934103
0.863066,-0.505091
-0.353233,-0.935535
0.852031,-0.523492
0.917367,-0.398041
-0.204485,0.97887
-0.151317,0.988485
-0.344804,-0.938675
-0.382037,-0.924147
-0.0826516,0.996579
-0.573517,-0.819194
0.973387,-0.229168
-0.878178,-0.478333
0.913865,-0.406018
-0.997864,0.0653229
0.597847,-0.80161
-0.772746,-0.634716
-0.704841,0.709365
0.77267,-0.634808
0.272344,0.9622
0.981663,-0.190623
0.296284,0.9551
0.35804,0.933706
0.507608,0.861588
0.193479,0.981104
0.370917,0.928666
0.659961,-0.7513
0.37472,-0.927138
0.658361,0.752702
-0.103631,0.994616
0.823349,0.567535
0.876825,0.480809
0.169744,0.985488
0.261785,0.965126
-0.589781,0.807563
0.294192,0.955746
0.750696,-0.660648
0.672325,-0.740256
-0.999145,0.0413327
0.839014,0.54411
0.8395,0.54336
-0.892751,-0.450551
-0.837125,-0.547012
0.882025,0.471203
-0.885543,-0.464557
-0.879632,-0.475656
-0.916253,0.4006
0.668524,0.74369
0.82873,-0.559649
-0.0826516,0.996579
0.854043,-0.520202
0.51278,0.85852
-0.0202168,-0.999796
-0.927924,0.372769
-0.284747,0.958603
-0.473577,0.880752
-0.648779,0.760977
-0.383941,0.923357
0.243499,0.969901
-0.375046,0.927006
-0.172608,0.984991
-0.294753,0.955573
-0.934501,-0.355961
0.981663,-0.190623
0.35804,0.933706
0.659961,-0.7513
0.539151,-0.842209
0.518496,0.85508
0.527814,0.84936
0.246822,0.969061
0.157815,0.987469
0.480331,0.877087
0.520647,0.853772
-0.608869,0.793271
0.216145,0.976361
0.330785,0.943706
0.403278,0.915077
0.750696,-0.660648
-0.27462,-0.961553
-0.970178,0.242394
-0.930177,0.367111
0.168419,0.985716
-0.433329,-0.901236
-0.999217,-0.0395698
-0.138872,0.99031
-0.978202,0.207654
0.43547,-0.900203
-0.560871,-0.827903
0.683666,-0.729795
-0.926626,-0.375985
-0.956951,0.290249
-0.816699,-0.577064
-0.885543,-0.464557
-0.92729,-0.374343
0.853715,-0.520741
0.997476,-0.070998
0.90761,0.419813
-0.988925,0.148419
0.462228,0.886761
-0.965523,0.260316
-0.997996,-0.0632838
0.587165,0.809468
-0.960415,-0.278573
0.999923,0.0123833
-0.640756,-0.767745
0.998175,-0.0603909
-0.453644,-0.891183
0.997023,-0.0771015
-0.325644,-0.945492
0.998,-0.0632072
-0.0406539,0.999173
-0.0514514,0.998676
0.0285552,0.999592
-0.268951,-0.963154
0.0109037,0.999941
0.822199,-0.569201
0.93205,-0.362329
-0.992936,-0.11865
0.935131,-0.354303
-0.284747,0.958603
-0.0910778,0.995844
-0.648779,0.760977
-0.646536,0.762883
-0.779697,0.626157
0.0950157,0.995476
0.996307,0.0858664
0.997044,-0.0768279
0.909605,-0.415475
0.0791072,0.996866
0.739042,0.673659
0.242721,-0.970096
0.673708,-0.738998
0.165201,0.98626
0.926986,0.375096
0.269646,0.962959
0.357292,0.933993
-0.515124,-0.857115
-0.27462,-0.961553
0.168419,0.985716
-0.999217,-0.0395698
-0.560871,-0.827903
-0.999279,-0.0379778
-0.845264,-0.53435
-0.782277,-0.62293
-0.804298,-0.594226
-0.359961,-0.932967
-0.877961,-0.478733
-0.927335,-0.374231
-0.946029,-0.324083
-0.939655,0.342124
0.997476,-0.070998
0.90761,0.419813
0.0285552,0.999592
0.0109037,0.999941
-0.268951,-0.963154
-0.382037,-0.924147
0.942914,-0.333036
-0.633408,-0.773818
-0.378591,0.925564
-0.794587,-0.607151
-0.372979,0.92784
-0.516766,0.856127
-0.551953,0.833875
-0.294753,0.955573
-0.448446,0.89381
-0.0910778,0.995844
-0.340083,0.940395
-0.787388,0.616458
0.996307,0.0858664
0.0892416,0.99601
0.82792,-0.560847
0.539151,-0.842209
0.909605,-0.415475
0.82792,-0.560847
0.620809,0.783962
0.601581,0.798812
0.596734,0.802439
0.278327,0.960486
0.202099,0.979365
0.303758,0.952749
0.448275,0.893896
0.486205,0.873845
0.137688,0.990476
-0.433329,-0.901236
-0.215179,-0.976575
0.0139122,0.999903
-0.41133,-0.911486
-0.433329,-0.901236
-0.109024,0.994039
-0.1887,0.982035
0.284548,-0.958662
-0.533557,-0.845764
0.534737,-0.845018
-0.926924,-0.37525
-0.983672,-0.17997
-0.782547,-0.622592
-0.359961,-0.932967
-0.967346,0.253458
0.382271,-0.92405
-0.318353,0.947972
-0.823723,0.566993
-0.884745,0.466075
-0.882742,0.469857
0.587165,0.809468
0.167026,0.985953
0.462228,0.886761
-0.931755,0.363088
-0.98054,0.196317
-0.686416,-0.727209
-0.924105,-0.382138
0.985135,0.171783
0.999623,0.0274527
-0.579428,-0.815023
0.999747,-0.0224986
-0.152183,-0.988352
0.999671,0.0256616
0.00598966,0.999982
-0.0394724,0.999221
-0.114518,0.993421
-0.904235,0.427036
-0.101084,0.994878
-0.588298,0.808644
-0.929375,0.369136
-0.9619,0.273402
-0.99909,0.0426496
0.983033,-0.183426
-0.794587,-0.607151
-0.0621525,0.998067
-0.378591,0.925564
-0.110204,0.993909
0.255058,-0.966926
-0.735379,0.677656
-0.843332,0.537393
-0.0339228,0.999424
0.990438,0.137961
0.996948,0.0780669
0.386318,0.922366
-0.144606,0.989489
0.998767,-0.0496424
0.386318,0.922366
0.599019,-0.800734
-0.166432,0.986053
0.852116,-0.523354
0.293498,0.95596
0.390114,0.920766
0.522426,0.852685
-0.567222,-0.823565
-0.41133,-0.911486
-0.845866,-0.533396
-0.706159,-0.708053
0.87527,-0.483635
-0.370307,-0.928909
-0.946428,-0.322916
-0.927335,-0.374231
-0.843674,-0.536856
-0.967937,-0.251195
-0.802413,-0.596769
0.129552,0.991573
0.462228,0.886761
0.167026,0.985953
-0.318353,0.947972
0.167026,0.985953
-0.686416,-0.727209
0.0285552,0.999592
-0.904235,0.427036
-0.114518,0.993421
-0.904235,0.427036
-0.0514514,0.998676
0.962645,-0.270767
-0.956377,0.292134
-0.0751659,-0.997171
-0.467973,0.883743
-0.0751659,-0.997171
-0.399143,0.916889
-0.262844,0.964838
-0.787388,0.616458
-0.512032,0.858966
-0.448446,0.89381
-0.186215,0.982509
-0.761395,0.648288
0.721554,-0.692358
0.990438,0.137961
-0.709126,0.705082
0.927854,-0.372943
0.927854,-0.372943
0.652182,0.758063
0.615642,0.788026
0.264542,0.964374
0.324393,0.945922
0.429719,0.902963
0.566785,0.823866
0.612196,0.790706
-0.137929,-0.990442
0.0685393,0.997648
-0.202498,-0.979283
-0.0306438,0.99953
-0.573155,-0.819447
-0.0941626,0.995557
-0.112,0.993708
-0.130407,0.991461
-0.592259,-0.805748
-0.0804962,0.996755
-0.749386,-0.662133
-0.499535,-0.866294
-0.650134,-0.759819
-0.946428,-0.322916
-0.829841,0.558
-0.0819305,-0.996638
-0.227958,0.973671
-0.783877,0.620917
-0.845185,0.534474
-0.825016,0.565109
0.279885,0.960033
-0.886948,0.461868
-0.964879,0.262695
-0.579996,0.814619
-0.958702,-0.284413
-0.951704,-0.307018
-0.93625,-0.351334
0.999951,-0.00992888
0.578709,-0.815534
0.999956,-0.00938769
-0.434425,-0.900708
-0.0579843,0.998317
-0.570896,0.821022
0.00294301,0.999996
0.996797,0.0799767
-0.647138,0.762372
-0.871821,0.489824
-0.936397,0.350941
-0.938379,0.345608
0.97983,-0.199833
-0.956377,0.292134
-0.0621525,0.998067
-0.333889,0.942613
-0.467973,0.883743
-0.110204,0.993909
-0.262844,0.964838
-0.512032,0.858966
-0.186215,0.982509
-0.228729,0.97349
-0.369259,0.929327
-0.113417,-0.993548
0.728537,-0.685006
-0.781814,0.623512
0.985237,0.171197
-0.159116,0.98726
0.992228,0.124432
-0.999162,0.0409187
-0.43151,0.902108
-0.733341,0.67986
0.583354,-0.812218
0.0885844,0.996069
-0.962938,0.269724
0.506247,0.862389
0.617291,0.786735
0.695863,0.718174
-0.202498,-0.979283
-0.573153,-0.819448
-0.458577,-0.888655
-0.59702,-0.802226
0.87527,-0.483635
-0.650134,-0.759819
-0.977172,-0.21245
-0.996946,0.0780903
-0.997869,-0.0652526
-0.802413,-0.596769
-0.973711,0.227786
-0.829841,0.558
-0.186407,-0.982473
-0.227958,0.973671
0.279885,0.960033
-0.808356,0.588694
-0.579996,0.814619
-0.904235,0.427036
0.996797,0.0799767
0.00294301,0.999996
-0.870307,0.49251
0.959296,-0.282404
-0.113417,-0.993548
-0.313289,0.949658
-0.333889,0.942613
-0.356684,0.934225
-0.29393,0.955827
-0.399143,0.916889
-0.458602,0.888642
-0.595103,0.803649
-0.761395,0.648288
-0.321082,0.947051
-0.782476,0.622681
-0.829841,0.558
0.668628,-0.743597
0.985237,0.171197
-0.761429,0.648248
-0.848844,0.528643
0.591267,0.806476
0.486999,0.873402
0.471332,0.881956
0.514547,0.857462
0.569097,0.82227
0.640854,0.767663
0.731522,0.681818
-0.101849,-0.9948
0.135613,0.990762
0.0661417,0.99781
-0.596887,-0.802325
-0.00404592,0.999992
-0.579531,-0.81495
-0.0069805,0.999976
-0.00145553,0.999999
0.0370299,0.999314
-0.615116,-0.788436
-0.303268,-0.952905
-0.458577,-0.888655
-0.59702,-0.802226
-0.544272,-0.838909
-0.977172,-0.21245
-0.996946,0.0780903
-0.997869,-0.0652526
-0.967937,-0.251195
-0.997869,-0.0652526
-0.891385,0.453247
-0.829841,0.558
-0.973711,0.227786
-0.156239,-0.987719
-0.984313,0.176432
0.95355,0.301235
-0.900693,0.434455
-0.818962,0.573847
-0.765221,0.643768
-0.851041,-0.5251
-0.909325,0.416086
-0.882978,0.469414
-0.843655,-0.536886
-0.99189,0.127098
-0.96504,-0.262104
-0.846857,-0.531821
0.971697,0.236232
0.999977,0.00678217
-0.782017,0.623257
-0.0507585,0.998711
0.747192,-0.664608
0.0889457,0.996036
0.812585,-0.582842
0.395557,0.918441
-0.825785,0.563985
-0.906863,0.421426
-0.96189,0.273436
-0.113417,-0.993548
-0.205379,0.978682
-0.356684,0.934225
-0.142042,0.989861
-0.782476,0.622681
-0.0272417,0.999629
0.679921,-0.733285
-0.789748,0.613432
0.997051,0.0767477
0.945256,0.326329
-0.248316,0.968679
-0.998597,0.0529536
-0.546504,0.837456
-0.720961,0.692975
-0.779648,0.626218
0.12304,0.992402
0.707155,0.707058
-0.980811,0.194961
0.738912,0.673802
0.767229,0.641374
0.777924,0.628358
-0.101849,-0.9948
0.134994,0.990846
-0.461785,-0.886992
-0.516808,-0.856101
-0.429964,-0.902846
-0.993908,-0.110215
-0.985609,-0.169042
-0.999998,-0.00220473
-0.997869,-0.0652526
0.960444,-0.278472
-0.197682,-0.980266
0.95355,0.301235
-0.851041,-0.5251
-0.834652,0.550778
0.747192,-0.664608
-0.782017,0.623257
-0.434425,-0.900708
0.0889457,0.996036
0.860292,-0.509802
0.892066,-0.451906
0.857317,0.514789
0.544376,0.838841
0.778637,0.627474
-0.205379,0.978682
-0.431188,0.902262
-0.67471,0.738083
-0.809665,0.586892
-0.432621,0.901576
-0.918635,0.395107
-0.891385,0.453247
0.857317,0.514789
0.678547,-0.734557
0.819277,-0.573398
0.945256,0.326329
-0.704995,0.709213
-0.857287,0.514839
0.0885844,0.996069
0.12304,0.992402
0.707155,0.707058
0.513057,0.858354
0.593816,0.804601
0.619155,0.785269
0.624443,0.78107
0.650271,0.759702
0.734435,0.678679
0.761308,0.64839
-0.644002,-0.765024
0.610325,0.792151
0.609639,0.792679
0.11683,0.993152
-0.616822,-0.787103
0.0734406,0.9973
0.084364,0.996435
0.109895,0.993943
-0.46543,-0.885085
-0.287476,-0.957788
-0.998391,-0.0567079
-0.516808,-0.856101
-0.993908,-0.110215
-0.985609,-0.169042
0.937345,-0.348402
0.179999,0.983667
-0.256806,-0.966463
0.971598,0.236638
-0.990404,0.138203
0.734705,-0.678387
-0.880209,0.474587
-0.880007,0.47496
-0.85821,0.513299
-0.843655,-0.536886
-0.798792,-0.601607
-0.851041,-0.5251
-0.815013,0.579443
-0.813865,-0.581053
0.994499,0.104744
-0.270702,0.962663
-0.872775,-0.488123
-0.941348,-0.337438
-0.956384,-0.292113
-0.0453633,0.998971
-0.882575,0.470172
0.105702,0.994398
0.835383,-0.549668
0.50275,0.864432
-0.820807,0.571206
-0.826201,0.563376
0.853347,-0.521344
-0.911809,0.410614
0.0497331,0.998763
0.778637,0.627474
-0.458461,0.888714
-0.07269,0.997355
-0.918635,0.395107
-0.891385,0.453247
0.937345,-0.348402
0.535297,0.844664
0.983055,-0.183311
0.77533,-0.631557
0.968432,0.249277
0.999727,0.0233722
0.874713,0.484641
-0.367476,0.930033
-0.441558,0.897233
-0.808148,0.588979
-0.764946,0.644094
-0.865877,0.500257
0.919689,-0.392647
0.860795,0.508952
-0.993981,0.109552
0.832958,0.553337
0.793299,0.608832
0.610325,0.792151
0.609639,0.792679
0.135613,0.990762
0.152839,0.988251
-0.343753,-0.93906
-0.98922,-0.146438
-0.988688,-0.149984
-0.993908,-0.110215
-0.985665,-0.168712
-0.993908,-0.110215
0.993597,0.11298
0.997329,-0.0730454
0.962239,-0.272204
-0.305333,-0.952246
0.971598,0.236638
0.95355,0.301235
0.734705,-0.678387
-0.798792,-0.601607
0.956786,-0.290794
-0.798792,-0.601607
-0.270702,0.962663
-0.882575,0.470172
0.105702,0.994398
0.820994,-0.570937
0.904289,-0.426921
0.902463,0.430768
-0.0610845,-0.998133
-0.0290313,0.999579
-0.971977,0.235077
-0.972048,0.234783
-0.949966,0.312354
-0.542137,0.84029
-0.399082,0.916915
0.384741,-0.923024
0.902463,0.430768
0.394978,0.918691
0.782923,-0.622119
0.86823,-0.496162
0.874713,0.484641
-0.590041,0.807373
0.919689,-0.392647
0.12304,0.992402
-0.764946,0.644094
-0.976159,0.217058
0.600078,0.799941
0.628037,0.778184
0.648462,0.761247
0.669115,0.743159
0.774647,0.632394
0.799311,0.600917
-0.687308,-0.726366
0.664493,0.747295
0.663157,0.74848
0.706662,0.707552
0.111777,0.993733
0.109636,0.993972
-0.113138,-0.993579
-0.331048,-0.943614
-0.99588,-0.090678
-0.998391,-0.0567079
-0.992161,-0.124964
-0.988688,-0.149984
-0.98922,-0.146438
0.996588,-0.0825376
0.219702,0.975567
-0.354823,-0.934933
-0.443555,-0.896247
0.564121,-0.825692
-0.444989,0.895536
-0.900344,-0.435179
0.976241,-0.216686
-0.943759,0.330635
-0.809019,0.587782
0.999196,-0.04008
-0.759587,-0.650406
-0.807922,-0.58929
-0.975042,0.222019
0.992635,0.121147
-0.942047,0.335481
-0.968711,-0.248191
-0.867197,-0.497965
-0.0491043,0.998794
0.0901167,0.995931
-0.889974,0.456012
0.526022,0.850471
0.854042,-0.520203
0.819922,-0.572476
-0.801358,0.598186
-0.897755,0.440495
-0.917164,0.398511
-0.0610845,-0.998133
-0.100606,-0.994926
-0.07269,0.997355
-0.100606,-0.994926
0.0497331,0.998763
-0.971977,0.235077
-0.67471,0.738083
-0.972048,0.234783
-0.949966,0.312354
-0.809665,0.586892
-0.996629,0.0820434
-0.110851,0.993837
0.996588,-0.0825376
0.381769,0.924258
0.997632,0.0687715
0.898962,-0.438027
0.934375,0.356292
0.968432,0.249277
0.999496,0.0317573
-0.173368,0.984857
-0.31866,0.947869
-0.328767,0.944411
-0.829509,0.558493
-0.814087,0.580744
0.919689,-0.392647
-0.764946,0.644094
0.253924,-0.967224
-0.901754,0.43225
0.947491,0.319782
0.85974,0.510732
0.724969,0.688781
0.812994,0.582273
0.706662,0.707552
0.185232,0.982695
-0.999999,0.00168899
-0.976017,-0.217696
0.34286,0.939386
0.34286,0.939386
-0.984352,-0.176215
0.983866,0.178906
1,0.000451561
0.968342,-0.249629
0.785605,0.618728
0.996588,-0.0825376
0.962239,-0.272204
-0.508273,-0.861196
-0.900344,-0.435179
-0.444989,0.895536
-0.759587,-0.650406
0.998697,-0.0510367
-0.942047,0.335481
0.0901167,0.995931
-0.907671,0.419681
-0.859217,0.511611
0.674443,0.738327
0.902463,0.430768
0.604106,0.796904
-0.0349516,-0.999389
0.0783758,-0.996924
-0.935687,-0.352831
-0.986047,0.166465
-0.990203,0.139635
-0.996629,0.0820434
-0.994941,0.100463
-0.998966,0.0454731
0.832387,-0.554195
0.983823,-0.179142
-0.110851,0.993837
0.384741,-0.923024
0.996588,-0.0825376
0.985173,-0.171566
0.381769,0.924258
0.782712,0.622384
0.993836,-0.110863
0.916077,-0.401003
0.934375,0.356292
-0.489183,0.872181
0.253924,-0.967224
0.947491,0.319782
0.988248,-0.152857
0.992002,0.126223
0.666882,0.745163
0.675797,0.737088
0.681393,0.731918
0.772677,0.634799
0.750887,0.660431
0.798941,0.601409
0.701246,0.71292
0.713496,0.70066
0.738887,0.67383
0.131005,0.991382
-0.0914175,-0.995813
-0.133063,-0.991108
-0.564328,-0.825551
-0.999999,0.00168899
-0.99588,-0.090678
0.99229,-0.123936
-0.428651,-0.90347
0.968342,-0.249629
0.781378,0.624058
0.225843,0.974164
-0.482777,-0.875743
-0.496203,-0.868206
-0.563504,-0.826114
-0.678477,0.734622
-0.523588,0.851971
-0.759587,-0.650406
-0.748353,0.6633
0.998697,-0.0510367
-0.981375,0.192102
0.996357,-0.0852846
-0.848632,0.528983
0.999172,0.0406768
-0.88616,-0.463379
-0.807922,-0.58929
-0.717419,-0.696642
-0.807922,-0.58929
0.526022,0.850471
-0.942047,0.335481
-0.999343,0.0362554
-0.975042,0.222019
0.994203,0.107518
-0.932047,-0.362337
-0.97572,0.219021
-0.864741,-0.502219
0.292158,0.95637
0.0898523,0.995955
0.362255,0.932079
0.956647,-0.29125
0.940554,-0.339644
0.926065,-0.377363
0.983036,-0.183414
-0.946262,0.323401
-0.925273,0.379301
0.0855792,-0.996331
0.0855792,-0.996331
-0.999182,0.0404384
0.985173,-0.171566
-0.998966,0.0454731
0.983823,-0.179142
0.973796,0.227424
-0.110851,0.993837
-0.95092,-0.309437
0.985173,-0.171566
-0.223288,-0.974753
-0.9467,0.322117
0.037478,0.999297
-0.9467,0.322117
0.853733,0.52071
0.940975,-0.338475
0.931632,0.363404
-0.199765,0.979844
-0.271812,0.96235
-0.271693,0.962384
-0.838729,0.544549
-0.786891,0.617092
0.939134,-0.34355
0.963452,0.267881
-0.895085,0.445896
0.870623,0.49195
0.73099,0.682388
0.815107,0.57931
0.738887,0.67383
0.161141,0.986931
-0.508273,-0.861196
-0.512261,-0.85883
0.986513,0.163681
0.999996,0.0029217
0.992463,0.122544
0.989508,-0.144478
0.737952,0.674853
0.781378,0.624058
0.785605,0.618728
0.949438,-0.313956
-0.640292,-0.768131
-0.523588,0.851971
0.319401,-0.94762
-0.88616,-0.463379
-0.807922,-0.58929
-0.717419,-0.696642
-0.720743,-0.693202
-0.717419,-0.696642
-0.999343,0.0362554
0.0898523,0.995955
-0.859217,0.511611
0.674443,0.738327
0.186903,-0.982378
0.661906,0.749587
-0.981207,0.19296
-0.162537,-0.986703
0.0414747,-0.99914
-0.0411647,-0.999152
-0.998888,0.0471552
-0.998874,0.0474331
0.997597,-0.0692782
-0.999876,0.0157575
0.832387,-0.554195
-0.998966,0.0454731
-0.999084,-0.0427848
0.882606,-0.470114
0.999122,0.0418905
0.973796,0.227424
0.999502,0.0315422
-0.9467,0.322117
-0.990184,-0.139768
-0.716816,0.697262
0.931632,0.363404
-0.566677,0.82394
0.988015,0.154358
0.995124,-0.0986363
0.713008,0.701155
0.716408,0.697682
0.757937,0.652327
0.768453,0.639906
0.764663,0.64443
0.771414,0.636334
0.740576,0.671972
0.758609,0.651546
0.778689,0.62741
-0.066378,-0.997795
-0.1197,-0.99281
-0.564328,-0.825551
-0.677083,-0.735906
-0.512261,-0.85883
0.99229,-0.123936
-0.806425,-0.591337
-0.428651,-0.90347
0.721049,0.692884
-0.998911,0.0466485
0.999996,0.0029217
0.989508,-0.144478
0.737952,0.674853
0.949438,-0.313956
0.727092,0.68654
0.261138,0.965302
-0.61007,-0.792347
-0.53466,-0.845068
-0.522624,-0.852563
-0.613587,-0.789627
-0.653117,0.757257
-0.5702,0.821506
-0.675758,0.737123
0.319401,-0.94762
0.99951,-0.0313053
-0.924196,0.381917
0.999228,0.0392982
0.226161,-0.97409
0.999172,0.0406768
-0.893955,0.448156
-0.717419,-0.696642
-0.720743,-0.693202
-0.682334,0.731041
-0.99303,0.117864
0.998312,0.0580852
-0.940575,-0.339586
-0.754595,-0.656191
-0.985653,0.168786
-0.448106,-0.893981
0.144516,0.989502
0.742784,0.669531
0.968532,-0.248889
0.970889,-0.23953
0.967835,-0.251587
0.840501,-0.54181
-0.859217,0.511611
0.186903,-0.982378
-0.98444,-0.17572
-0.921432,0.38854
0.661906,0.749587
-0.981207,0.19296
0.619429,-0.785053
0.104742,0.994499
-0.0411647,-0.999152
-0.99873,-0.0503893
0.999502,0.0315422
-0.998553,0.0537738
-0.999084,-0.0427848
0.998115,0.0613637
-0.983766,0.179457
-0.943651,-0.330941
-0.990184,-0.139768
0.981501,0.19146
0.351403,0.936224
0.940975,-0.338475
-0.716816,0.697262
0.351403,0.936224
0.916617,0.399766
-0.141495,0.989939
-0.12335,0.992363
-0.15437,0.988013
-0.821416,0.570329
-0.704703,0.709503
0.88644,-0.462844
0.989893,0.141818
-0.845748,0.533583
0.863393,0.504532
0.756462,0.654038
0.786362,0.617766
0.778689,0.62741
0.151151,0.988511
0.515041,0.857166
0.986513,0.163681
0.966853,0.255333
0.992463,0.122544
0.949809,-0.312831
0.920963,-0.38965
0.944762,-0.327757
0.762863,0.64656
-0.53466,-0.845068
-0.482777,-0.875743
-0.61007,-0.792347
-0.705493,-0.708716
-0.926974,0.375125
0.342147,-0.939646
0.999228,0.0392982
-0.893955,0.448156
-0.717419,-0.696642
-0.682334,0.731041
-0.738843,-0.673877
-0.982197,0.187855
0.742784,0.669531
0.742784,0.669531
-0.738843,-0.673877
-0.720743,-0.693202
0.999449,0.0331918
-0.09724,0.995261
-0.363036,0.931775
0.717268,0.696797
0.983166,0.182716
0.351403,0.936224
-0.174541,-0.98465
0.960451,0.278448
0.998624,-0.0524431
0.999609,-0.0279453
0.998711,0.0507623
-0.999099,0.0424503
0.999643,-0.0267324
-0.999081,0.042859
-0.97921,-0.202848
0.870534,-0.492108
-0.212633,0.977132
0.998115,0.0613637
-0.0411647,-0.999152
-0.943651,-0.330941
0.960451,0.278448
0.803457,0.595362
0.981501,0.19146
-0.788883,-0.614543
-0.716816,0.697262
0.981501,0.19146
0.351403,0.936224
-0.716816,0.697262
-0.788883,-0.614543
0.916617,0.399766
-0.582231,0.813023
0.951489,0.307684
0.984305,-0.176476
0.747012,0.664811
-0.755829,-0.654769
-0.742398,-0.669959
0.780609,0.625019
0.779399,0.626528
-0.723334,-0.690499
0.765245,0.643739
0.774208,0.632931
-0.0493184,-0.998783
-0.113413,-0.993548
-0.773149,-0.634225
-0.828958,-0.55931
-0.930177,-0.367112
0.966853,0.255333
-0.998911,0.0466485
-0.952701,-0.30391
0.515041,0.857166
0.944762,-0.327757
0.814791,0.579755
0.712571,0.7016
-0.548757,-0.835982
-0.53466,-0.845068
-0.61007,-0.792347
-0.375584,-0.926788
-0.362522,-0.931975
-0.50411,-0.86364
-0.987353,-0.158535
0.475555,-0.879686
-0.575975,0.817467
-0.626584,0.779354
-0.999852,-0.0172282
0.993841,0.110818
0.165508,-0.986209
0.255194,-0.96689
-0.926974,0.375125
-0.946546,0.322568
-0.713291,0.700868
-0.881689,-0.471831
-0.806389,-0.591386
-0.92714,-0.374716
-0.856474,-0.51619
-0.585526,-0.810654
-0.994544,0.10432
0.306607,0.951836
0.547151,0.837034
0.547151,0.837034
0.999522,-0.0309065
0.961734,0.273984
0.999994,-0.00349846
-0.09724,0.995261
-0.983766,0.179457
-0.279788,0.960062
0.717268,0.696797
0.997078,-0.0763866
0.999745,0.0225804
0.998711,0.0507623
-0.999818,-0.0191007
-0.97921,-0.202848
-0.248102,0.968734
0.998115,0.0613637
-0.212633,0.977132
-0.09724,0.995261
-0.141495,0.989939
0.87478,0.48452
0.827605,0.56131
-0.0412785,0.999148
-0.787654,0.616118
-0.610262,0.7922
-0.704703,0.709503
-0.821416,0.570329
0.88644,-0.462844
0.0390443,0.999237
0.985884,0.167432
-0.787072,0.616861
0.819436,0.57317
0.767547,0.640992
0.749436,0.662077
-0.0493184,-0.998783
0.804672,0.593719
0.999985,-0.00542757
-0.930177,-0.367112
-0.99876,-0.049787
0.949809,-0.312831
0.996819,-0.0796928
0.920963,-0.38965
0.987301,0.158862
0.933321,0.359043
0.894813,0.44644
0.804672,0.593719
0.712571,0.7016
0.151151,0.988511
-0.548757,-0.835982
-0.375584,-0.926788
-0.985495,-0.169705
-0.988286,-0.152615
-0.69428,0.719705
0.333462,-0.942764
0.993841,0.110818
-0.980839,0.194821
-0.713291,0.700868
0.770349,-0.637623
1,0.000989446
0.770349,-0.637623
0.959904,0.280327
-0.0365285,0.999333
0.216516,-0.976279
0.805022,0.593245
0.105193,-0.994452
0.99974,-0.0228111
0.999997,0.0024559
0.991798,0.127818
0.999432,-0.0337139
0.999534,-0.0305105
0.998992,0.0448853
-0.99702,0.0771395
-0.997108,0.075996
-0.99998,-0.00628391
0.864847,-0.502036
-0.0567225,0.99839
0.833548,0.552447
0.827605,0.56131
-0.582231,0.813023
0.992572,0.121658
-0.0412785,0.999148
-0.999852,-0.0172282
-0.610262,0.7922
0.0390443,0.999237
0.950976,0.309265
0.932842,-0.360285
-0.707839,-0.706374
-0.736772,-0.676142
-0.687698,-0.725996
-0.756,-0.654572
-0.771647,-0.636051
-0.644287,-0.764784
-0.783166,-0.621812
-0.796999,-0.603981
-0.790745,-0.612146
-0.113413,-0.993548
-0.790745,-0.612146
-0.994041,-0.109005
0.999985,-0.00542757
-0.94752,-0.319697
-0.952701,-0.30391
-0.980852,-0.194753
-0.99876,-0.049787
0.875943,0.482415
-0.548757,-0.835982
-0.60322,-0.797575
0.70494,0.709267
-0.372513,-0.928027
-0.375584,-0.926788
-0.960758,-0.277389
-0.988617,-0.150453
-0.976431,-0.215831
-0.988286,-0.152615
-0.987353,-0.158535
-0.985495,-0.169705
-0.995054,-0.0993308
-0.418308,0.908305
-0.486329,0.873776
-0.980839,0.194821
-0.570818,0.821077
0.0404267,-0.999183
0.132806,-0.991142
0.202199,-0.979345
0.255019,-0.966936
-0.978049,0.208374
0.994351,-0.10614
-0.881689,-0.471831
-0.95196,-0.306222
-0.92714,-0.374716
-0.691335,-0.722535
-0.806389,-0.591386
0.986613,-0.163079
-0.869751,-0.493491
0.992453,-0.122624
0.547151,0.837034
0.306607,0.951836
0.937375,-0.348322
0.964539,0.263941
0.180719,0.983535
0.981451,0.191711
-0.272376,-0.962191
0.805022,0.593245
-0.938755,0.344585
0.991798,0.127818
0.998837,-0.0482145
0.996336,-0.0855305
-0.99998,-0.00628391
0.864847,-0.502036
-0.403432,0.91501
0.884489,0.466562
0.86668,0.498865
0.992572,0.121658
0.390126,0.920761
-0.787654,0.616118
-0.191434,-0.981505
-0.716034,0.698066
0.522509,-0.852634
0.995887,0.0906086
-0.703581,0.710615
0.703281,0.710912
-0.588136,-0.808762
0.774702,0.632326
0.996394,-0.0848455
-0.99879,0.0491752
0.994073,-0.10871
1,-0.000381541
0.983476,0.181039
0.920363,0.391066
-0.372513,-0.928027
-0.988617,-0.150453
-0.998941,-0.0460003
-0.959678,-0.281103
-0.996336,0.085531
-0.618546,0.785748
0.292096,-0.956389
0.0404267,-0.999183
-0.976861,0.213875
0.994351,-0.10614
0.734896,-0.67818
-0.936203,-0.351458
-0.364367,-0.931255
0.986613,-0.163079
-0.869751,-0.493491
0.992453,-0.122624
0.994124,-0.108249
0.428975,0.903316
0.179041,0.983842
-0.362713,0.931901
0.121266,-0.99262
-0.938755,0.344585
0.805022,0.593245
-0.362713,0.931901
-0.045214,-0.998977
0.986742,-0.162298
0.997209,-0.0746673
0.913042,0.407865
0.98921,-0.146506
0.989687,-0.143247
0.999647,-0.0265846
0.996468,-0.0839789
-0.99583,0.0912303
0.993711,-0.111973
0.446258,-0.894904
-0.99998,-0.00628391
-0.100876,0.994899
0.904793,0.425853
0.86668,0.498865
0.288211,-0.957567
0.390126,0.920761
0.992572,0.121658
-0.191434,-0.981505
0.522509,-0.852634
0.951371,0.308046
0.728959,-0.684558
-0.643771,-0.765218
-0.682998,-0.73042
-0.708855,-0.705354
-0.594935,-0.803774
-0.737522,-0.675323
-0.770892,-0.636966
-0.579119,-0.815243
-0.767279,-0.641313
-0.994041,-0.109005
-0.94752,-0.319697
-0.96867,-0.24835
-0.983028,-0.183457
-0.986085,0.166245
0.883101,0.469183
0.515323,0.856996
-0.602969,-0.797764
0.67647,0.73647
-0.409051,-0.912512
-0.960758,-0.277389
-0.998884,-0.0472277
-0.950286,-0.311378
-0.987158,-0.159746
-0.995813,-0.0914154
-0.346612,0.938009
-0.424956,0.905214
-0.996336,0.085531
-0.529203,0.848495
0.103814,-0.994597
0.164997,-0.986294
0.203871,-0.978998
0.196699,-0.980464
-0.91808,0.396395
0.790631,-0.612293
-0.553291,-0.832988
-0.850559,-0.52588
-0.228482,-0.973548
0.341417,-0.939912
-0.928586,0.371117
0.994124,-0.108249
0.989157,-0.14686
0.974177,-0.225786
0.180719,0.983535
0.428975,0.903316
0.990892,0.134662
0.225404,0.974265
-0.365477,0.93082
0.997209,-0.0746673
0.941976,-0.335681
-0.98878,0.149376
0.446258,-0.894904
0.902025,0.431684
0.906708,0.421758
0.86668,0.498865
0.500382,-0.865805
-0.554485,0.832194
0.237334,-0.971428
-0.647196,0.762323
-0.0278383,0.999612
0.658739,-0.752371
0.528715,0.848799
-0.502252,-0.864722
0.736659,0.676265
0.963984,-0.26596
-0.96867,-0.24835
-0.97013,0.242587
0.968052,-0.250749
0.988244,-0.152885
0.9978,0.0662977
0.917951,0.396693
-0.409051,-0.912512
-0.409051,-0.912512
-0.999929,0.0118994
-0.999999,0.00109653
-0.922055,-0.387059
-0.988474,0.15139
-0.495878,0.868392
-0.426926,0.904287
0.230788,-0.973004
-0.932307,0.361668
0.790631,-0.612293
0.675739,0.737141
0.156959,-0.987605
-0.526444,0.85021
0.989157,-0.14686
0.974177,-0.225786
0.682085,-0.731273
0.990892,0.134662
-0.123006,0.992406
-0.557673,0.83006
0.0703658,-0.997521
-0.557673,0.83006
0.225404,0.974265
0.992803,0.119758
-0.045214,-0.998977
0.995344,-0.0963901
0.944795,0.327663
0.972403,-0.233308
0.950568,-0.310518
0.985693,-0.168552
0.864898,-0.501948
0.879184,-0.476482
0.614934,-0.788579
-0.996772,0.0802795
0.397987,-0.917391
0.397987,-0.917391
0.887132,0.461516
0.906708,0.421758
0.0127257,-0.999919
-0.554485,0.832194
0.237334,-0.971428
0.716435,0.697654
0.542429,-0.840101
-0.572077,-0.8202
-0.621242,-0.783619
-0.652271,-0.757986
-0.68318,-0.73025
-0.515292,-0.857015
-0.726303,-0.687375
-0.509599,-0.860412
-0.983028,-0.183457
-0.917072,-0.398721
-0.921275,-0.388911
-0.986085,0.166245
0.0483618,-0.99883
0.903264,0.429086
-0.537301,-0.84339
0.483401,0.875399
-0.481768,-0.876299
0.621746,0.783219
-0.999929,0.0118994
-0.995696,0.0926763
-0.998737,0.0502526
-0.969489,-0.245134
-0.938938,-0.344088
-0.98955,-0.14419
-0.996616,-0.0821942
-0.16903,0.985611
-0.905912,-0.423466
-0.988474,0.15139
-0.867902,-0.496736
0.0605793,-0.998163
0.108873,-0.994056
0.0731939,-0.997318
0.174238,0.984703
-0.39538,0.918518
0.803746,0.594973
-0.193808,-0.981039
-0.509885,-0.860242
0.0740818,-0.997252
0.373446,-0.927652
-0.622584,0.782553
-0.620223,0.784425
0.636351,-0.771399
0.0703658,-0.997521
0.992803,0.119758
0.995344,-0.0963901
0.998704,-0.0508872
0.994364,-0.106022
0.397987,-0.917391
0.993711,-0.111973
0.614934,-0.788579
0.967252,-0.253818
0.902025,0.431684
-0.0883294,-0.996091
0.0508884,-0.998704
-0.504302,0.863527
0.162796,0.98666
-0.600724,0.799456
0.619678,-0.784856
-0.280824,-0.959759
-0.345861,-0.938286
0.682092,0.731266
-0.969979,0.243187
-0.866811,0.498637
-0.921275,-0.388911
-0.0158046,-0.999875
0.965394,-0.260797
0.979896,-0.19951
0.999761,-0.0218781
0.964026,0.265807
-0.995696,0.0926763
-0.995422,0.0955779
-0.999974,-0.00716616
-0.915053,-0.403333
-0.075071,-0.997178
-0.27616,-0.961112
0.042854,-0.999081
-0.987169,0.159677
-0.731725,-0.6816
-0.757338,-0.653023
-0.39538,0.918518
0.233234,-0.972421
-0.79601,0.605284
-0.648172,0.761494
0.0703658,-0.997521
0.994423,0.105468
0.636351,-0.771399
0.999996,-0.00280006
0.952655,0.304055
0.952655,0.304055
0.954409,-0.298502
0.9941,-0.108465
0.778404,-0.627764
0.999618,-0.0276287
0.822751,-0.568402
0.862135,-0.506678
0.614934,-0.788579
-0.998233,0.059426
-0.999119,0.0419596
0.879671,0.475583
0.716435,0.697654
0.241527,0.970394
-0.504302,0.863527
0.0508884,-0.998704
-0.554485,0.832194
-0.742762,-0.669555
0.542429,-0.840101
-0.846843,-0.531844
0.619678,-0.784856
-0.550705,-0.8347
-0.499875,-0.866097
-0.583955,-0.811786
-0.603003,-0.797739
-0.449823,-0.893118
-0.423807,-0.905752
-0.849132,-0.528181
-0.866811,0.498637
-0.921275,-0.388911
-0.90268,0.430313
-0.866811,0.498637
-0.899886,0.436126
0.0483618,-0.99883
-0.0158046,-0.999875
0.942489,0.334238
0.462161,0.886796
-0.439875,-0.898059
0.448828,0.893618
-0.109349,-0.994003
0.567005,0.823714
-0.982509,0.186215
-0.998886,0.0471856
-0.900035,-0.435818
-0.967001,-0.254774
-0.887065,-0.461644
-0.995319,-0.0966449
-0.999062,0.0433079
-0.854322,-0.519744
-0.908531,-0.417818
-0.27616,-0.961112
-0.992686,-0.120725
0.420638,0.907228
0.273369,0.961909
0.645914,0.76341
-0.761393,-0.64829
-0.39538,0.918518
0.803746,0.594973
-0.757338,-0.653023
0.0917703,-0.99578
-0.106631,-0.994299
-0.509885,-0.860242
0.198027,-0.980197
0.56313,-0.826368
0.56313,-0.826368
0.373446,-0.927652
-0.79601,0.605284
0.994423,0.105468
0.636351,-0.771399
-0.648172,0.761494
0.278906,-0.960318
0.416348,-0.909205
0.997117,0.0758833
0.950497,0.310735
0.999983,0.00589638
-0.998233,0.059426
0.950497,0.310735
0.887132,0.461516
0.879671,0.475583
0.533024,0.8461
0.446397,0.894835
0.000814983,-1
-0.423871,0.905722
0.865806,0.500381
0.841583,0.540129
0.215175,0.976576
-0.491215,-0.871038
-0.423807,-0.905752
-0.345861,-0.938286
-0.876028,-0.48226
-0.906631,0.421924
-0.90268,0.430313
0.920473,-0.390807
-0.899886,0.436126
-0.899886,0.436126
-0.824637,0.565663
-0.918222,0.396065
0.935467,-0.353414
0.997974,-0.063629
0.980663,0.195704
-0.109349,-0.994003
-0.980629,0.195877
-0.988041,0.154193
0.889181,0.457556
0.160879,0.986974
-0.106263,0.994338
-0.156741,0.98764
-0.315213,0.949021
-0.847128,-0.531389
-0.757338,-0.653023
0.253064,-0.96745
-0.11316,-0.993577
0.416348,-0.909205
0.999996,-0.00280006
0.978818,-0.204732
0.997498,0.0706948
0.996807,0.0798513
0.923706,-0.383101
0.997476,0.071001
0.919549,-0.392975
0.999797,0.02016
-0.998233,0.059426
-0.99474,-0.102435
-0.99396,-0.109743
0.762514,0.646971
0.762514,0.646971
0.66767,0.744457
-0.423871,0.905722
0.000814983,-1
0.865806,0.500381
-0.826855,-0.562415
-0.491215,-0.871038
-0.503811,-0.863814
-0.492977,-0.870042
-0.488417,-0.87261
-0.488388,-0.872626
-0.442838,-0.896602
-0.393504,-0.919323
-0.849132,-0.528181
0.87395,-0.486016
0.848202,0.529674
0.932142,-0.362093
-0.914217,0.405224
-0.969637,0.244548
0.979845,0.199759
0.378515,0.925595
-0.344338,-0.938846
-0.154383,-0.988011
0.406002,0.913872
0.966219,0.257723
-0.982509,0.186215
-0.934955,0.354766
-0.958528,0.284999
-0.85546,-0.517869
0.702444,0.711739
0.999979,0.00654244
0.732907,0.680329
-0.98749,0.157679
-0.95609,0.293074
-0.908677,-0.4175
-0.992124,-0.12526
-0.106263,0.994338
-0.994074,-0.108708
0.731361,0.681991
-0.774811,-0.632193
-0.847222,-0.531239
0.0132419,-0.999912
0.18598,-0.982554
0.211688,-0.977337
0.203142,-0.979149
0.845969,0.533232
0.976242,0.216681
-0.99474,-0.102435
0.601798,0.798649
-0.137105,-0.990557
0.817752,0.575571
0.882461,0.470385
0.865858,0.50029
0.215175,0.976576
0.280174,0.959949
-0.847816,-0.53029
-0.832415,0.554152
0.87395,-0.486016
0.939687,-0.342035
-0.969637,0.244548
-0.99166,0.128879
-0.82492,0.565249
0.86948,-0.493968
0.978336,-0.207021
0.989451,0.144869
0.966219,0.257723
-0.905311,0.42475
-0.918681,0.395001
0.840846,0.541275
0.037478,0.999297
-0.753011,-0.658008
0.142202,0.989838
-0.994074,-0.108708
-0.315213,0.949021
-0.911173,-0.412024
0.160906,-0.98697
-0.212734,-0.97711
0.942356,-0.334611
0.995918,-0.0902674
0.332609,0.943065
0.982702,0.185196
0.919549,-0.392975
-0.247592,0.968864
0.923706,-0.383101
0.997476,0.071001
0.457123,0.889404
0.976242,0.216681
-0.40381,0.914843
0.928262,0.371928
-0.963631,-0.267236
-0.946723,-0.322049
0.845969,0.533232
0.981099,0.193506
-0.806528,-0.591196
0.817752,0.575571
-0.137105,-0.990557
-0.400365,-0.916356
-0.343012,-0.939331
-0.389684,-0.920949
-0.439136,-0.898421
-0.419076,-0.907951
0.439853,0.89807
0.719544,0.694447
0.931669,-0.363309
0.938033,-0.346547
-0.938891,0.344216
0.947592,-0.319483
-0.984432,0.175767
-0.99166,0.128879
0.995615,0.0935476
-0.264536,-0.964376
0.285228,0.95846
-0.13661,-0.990625
0.748301,-0.663359
-0.934955,0.354766
0.966219,0.257723
-0.873331,0.487128
-0.851952,0.523621
-0.746771,0.665081
-0.406748,0.91354
-0.227993,-0.973663
-0.194231,-0.980956
-0.943179,0.332284
0.298709,0.954344
0.915909,-0.401386
0.83436,-0.55122
-0.980807,-0.194983
-0.951491,-0.307677
-0.753011,-0.658008
-0.156741,0.98764
-0.753011,-0.658008
-0.55736,-0.830271
-0.817841,-0.575444
-0.863528,-0.504301
-0.921272,-0.388919
0.232579,-0.972578
0.18663,-0.98243
0.12682,-0.991926
0.942356,-0.334611
0.982702,0.185196
0.996807,0.0798513
0.332609,0.943065
0.992961,0.118442
-0.40381,0.914843
0.457123,0.889404
0.943077,0.332573
0.928262,0.371928
-0.963631,-0.267236
0.943077,0.332573
0.714599,0.699535
-0.734429,-0.678685
0.773939,0.63326
0.859673,0.510845
0.280174,0.959949
0.81905,0.573722
-0.847816,-0.53029
0.439853,0.89807
0.579328,-0.815095
-0.73523,0.677818
0.931669,-0.363309
0.982199,-0.187841
-0.998762,-0.0497464
-0.720055,0.693917
0.794703,-0.606999
0.94284,-0.333247
0.995734,0.0922649
0.966219,0.257723
0.748301,-0.663359
-0.873331,0.487128
-0.934955,0.354766
-0.873331,0.487128
-0.851952,0.523621
-0.580589,0.814197
0.186136,-0.982524
-0.773648,0.633615
0.342816,-0.939402
-0.951491,-0.307677
0.142202,0.989838
-0.14264,0.989775
0.0372777,0.999305
-0.55736,-0.830271
-0.963467,-0.267827
-0.0220574,-0.999757
-0.247592,0.968864
0.513611,0.858023
0.942356,-0.334611
0.55198,0.833857
0.995918,-0.0902674
0.456322,0.889815
0.364911,0.931042
0.992961,0.118442
0.454471,0.890761
-0.247592,0.968864
0.47726,0.878762
0.410965,0.911651
0.966784,-0.255594
0.999994,0.00357226
-0.835273,-0.549836
0.932089,0.362229
0.835352,0.549716
-0.202349,-0.979313
-0.266872,-0.963732
-0.228649,-0.973509
0.386449,0.922311
0.322744,0.946486
0.874699,0.484667
0.806082,0.591804
-0.73293,0.680305
0.935156,0.354236
0.966242,0.257635
-0.162803,-0.986659
0.959609,-0.281336
-0.967427,0.253152
0.966257,-0.257579
-0.988987,0.148003
0.998499,-0.0547767
-0.0881578,-0.996107
0.146193,0.989256
0.796905,-0.604104
0.822947,-0.568119
-0.684646,0.728876
-0.873331,0.487128
-0.364815,0.93108
-0.242055,0.970263
-0.214361,0.976754
-0.185617,0.982622
0.169467,-0.985536
0.170306,-0.985391
0.574607,-0.818429
0.494766,-0.869026
0.52693,-0.849909
0.433243,-0.901277
-0.16436,-0.9864
-0.923802,-0.382872
-0.771438,-0.636305
-0.274231,-0.961664
-0.85525,-0.518216
-0.917697,-0.39728
-0.953383,-0.301762
0.0827382,-0.996571
0.00752167,-0.999972
-0.247592,0.968864
0.454471,0.890761
0.513611,0.858023
0.55198,0.833857
0.942356,-0.334611
0.539353,0.84208
0.932089,0.362229
0.966784,-0.255594
-0.835273,-0.549836
-0.876904,-0.480666
0.789658,0.613548
-0.784336,-0.620337
0.813412,0.581688
-0.792071,-0.610429
0.874699,0.484667
0.579328,-0.815095
0.822343,0.568992
0.874699,0.484667
-0.702715,0.711472
-0.988987,0.148003
0.966242,0.257635
-0.523241,-0.852185
-0.999452,-0.0331033
-0.971607,0.236601
-0.707121,0.707092
0.828485,-0.560011
0.906036,-0.423201
0.998499,-0.0547767
0.995734,0.0922649
-0.59658,0.802554
0.796905,-0.604104
-0.684646,0.728876
-0.16823,0.985748
-0.20254,-0.979274
0.844172,-0.536072
0.0748265,0.997197
-0.944116,-0.329613
0.552048,0.833812
0.585493,0.810677
0.622748,0.782423
0.524535,0.851389
0.966784,-0.255594
0.580243,0.814444
-0.53693,0.843627
0.410965,0.911651
0.47726,0.878762
0.539353,0.84208
-0.438344,0.898807
0.493758,0.869599
0.321029,0.947069
-0.744995,-0.66707
0.917615,0.397472
0.321029,0.947069
0.999994,0.00357226
0.998499,-0.0547767
0.848696,0.52888
0.822343,0.568992
0.140095,0.990138
-0.0613058,-0.998119
-0.113091,-0.993585
-0.287203,-0.95787
0.44635,0.894859
-0.565534,0.824725
0.999871,0.0160918
-0.748866,0.662722
0.951347,0.308121
0.966242,0.257635
0.951347,0.308121
-0.162803,-0.986659
-0.128563,-0.991701
-0.523241,-0.852185
0.954664,-0.297686
0.851134,-0.524949
0.0315335,-0.999503
-0.990236,0.1394
-0.59658,0.802554
0.998499,-0.0547767
-0.59658,0.802554
0.28124,0.959638
0.790329,-0.612683
0.0588774,0.998265
0.810903,-0.58518
0.864219,-0.503116
-0.0937724,0.995594
0.0195454,0.999809
0.101129,0.994873
0.176337,-0.98433
0.148849,-0.98886
0.191764,-0.981441
0.341683,-0.939815
0.57633,-0.817217
0.0903647,-0.995909
0.113344,-0.993556
-0.144085,-0.989565
-0.372636,-0.927978
-0.474559,-0.880224
-0.932451,-0.361297
0.928118,0.372285
-0.311895,-0.950117
-0.929073,-0.369897
0.984176,-0.177194
-0.744995,-0.66707
0.524535,0.851389
-0.256973,0.966419
0.493758,0.869599
0.917615,0.397472
-0.88746,-0.460886
0.28124,0.959638
-0.827254,-0.561828
-0.877161,-0.480196
0.879985,0.475001
0.875005,0.484113
0.44635,0.894859
-0.565534,0.824725
0.916055,0.401054
-0.637517,0.770436
-0.990236,0.1394
-0.128563,-0.991701
-0.979065,-0.203546
-0.990651,0.136421
-0.911789,0.410658
0.909623,-0.415435
-0.622109,0.782931
0.754803,-0.655951
0.834951,-0.550325
-0.59658,0.802554
-0.0995538,0.995032
-0.0881578,-0.996107
0.0588774,0.998265
0.790329,-0.612683
0.790329,-0.612683
-0.0581098,0.99831
-0.0937724,0.995594
0.0167115,0.99986
-0.668325,-0.743869
-0.144085,-0.989565
-0.155405,-0.987851
0.844172,-0.536072
0.999871,0.0160918
-0.538969,-0.842326
-0.734078,-0.679065
0.980373,-0.197152
0.632212,0.774796
0.62254,0.782588
0.642924,0.76593
0.637735,0.770256
-0.256973,0.966419
0.567223,0.823564
-0.53693,0.843627
0.65908,0.752073
-0.438344,0.898807
0.733881,0.679278
0.654435,0.756118
0.559975,0.82851
-0.734078,-0.679065
0.922092,0.38697
0.916055,0.401054
-0.0156065,0.999878
0.101081,-0.994878
0.0263926,-0.999652
-0.73303,-0.680196
-0.83495,-0.550326
0.97954,0.20125
-0.162491,-0.98671
-0.999947,0.0103369
-0.979065,-0.203546
-0.360748,-0.932663
0.75781,-0.652475
0.399102,-0.916907
-0.999231,-0.0392108
0.0315335,-0.999503
-0.999995,-0.00306786
-0.0995538,0.995032
0.30292,0.953016
0.0588774,0.998265
-0.885093,-0.465414
0.790329,-0.612683
0.780086,-0.625673
-0.00678497,0.999977
0.859666,-0.510856
-0.0661886,0.997807
0.0546435,0.998506
0.0163622,0.999866
0.33015,0.943928
0.100444,-0.994943
0.115928,-0.993258
0.163721,-0.986507
0.362466,-0.931997
0.549253,-0.835656
0.65858,-0.752511
-0.108497,-0.994097
-0.169097,-0.985599
0.851096,-0.525011
-0.155405,-0.987851
0.866904,0.498476
0.989154,0.146881
-0.86321,0.504846
0.928118,0.372285
-0.311895,-0.950117
0.805365,0.592779
-0.311895,-0.950117
-0.935634,-0.352971
0.980373,-0.197152
-0.95698,-0.290155
0.984176,-0.177194
0.682996,0.730422
0.922092,0.38697
-0.912916,-0.408147
-0.922023,-0.387134
0.972787,0.2317
-0.73303,-0.680196
0.999683,0.0251698
-0.638755,0.769411
-0.999947,0.0103369
-0.583734,-0.811945
0.399102,-0.916907
0.701178,-0.712986
0.883599,-0.468244
0.966541,0.25651
0.974252,0.225463
-0.276183,0.961105
0.834951,-0.550325
-0.238043,0.971255
-0.214786,0.976661
-0.00678497,0.999977
-0.885093,-0.465414
0.0588774,0.998265
-0.885093,-0.465414
-0.1968,0.980444
-0.988957,0.148205
0.0546435,0.998506
-0.0937724,0.995594
-0.0661886,0.997807
0.119258,0.992863
0.00529011,0.999986
-0.668325,-0.743869
0.33015,0.943928
0.389465,0.921041
0.7787,0.627397
-0.538969,-0.842326
-0.391511,-0.920173
-0.162491,-0.98671
0.773257,0.634093
0.866904,0.498476
-0.86321,0.504846
0.989154,0.146881
0.928118,0.372285
0.805365,0.592779
-0.86321,0.504846
-0.311895,-0.950117
-0.993415,0.114574
-0.935634,-0.352971
0.600474,0.799645
0.687331,0.726344
0.685799,0.727791
0.704912,0.709295
0.778549,0.627583
0.752873,0.658166
0.718886,0.695128
0.662834,0.748767
0.691272,0.722595
0.563943,0.825814
0.805365,0.592779
-0.138321,0.990387
0.130337,-0.99147
0.208554,-0.978011
-0.658257,-0.752793
-0.80227,-0.596961
0.984095,-0.177641
-0.98478,-0.173803
-0.98478,-0.173803
-0.391511,-0.920173
-0.181882,-0.98332
0.970146,0.242521
-0.983391,0.181502
-0.703588,-0.710608
-0.997938,-0.0641928
0.966541,0.25651
0.909623,-0.415435
0.974252,0.225463
0.75781,-0.652475
0.970146,0.242521
-0.648356,0.761338
-0.276183,0.961105
0.118503,0.992954
-0.00678497,0.999977
-0.732962,0.68027
-0.885093,-0.465414
0.768204,-0.640205
0.826798,-0.562499
0.0712156,0.997461
-0.989544,-0.144233
0.119586,-0.992824
-0.988957,0.148205
-0.0650062,0.997885
0.00523651,0.999986
0.0432062,0.999066
0.0515406,0.998671
0.21496,0.976623
0.389465,0.921041
-0.139803,-0.990179
-0.134684,-0.990889
0.148703,-0.988882
0.315622,-0.948885
0.430455,-0.902612
-0.0224349,-0.999748
0.851096,-0.525011
0.65858,-0.752511
-0.0344564,-0.999406
-0.189065,-0.981965
0.859371,0.511353
-0.169097,-0.985599
-0.119042,-0.992889
-0.963581,-0.267416
-0.86321,0.504846
0.968554,0.248804
-0.95698,-0.290155
0.984514,0.175304
-0.993415,0.114574
0.677057,0.73593
0.978649,0.20554
0.999282,-0.0379006
0.208554,-0.978011
0.958591,-0.284787
-0.772298,0.63526
-0.244135,-0.969741
0.970146,0.242521
0.701178,-0.712986
-0.953152,0.302492
0.890188,0.455593
0.82173,-0.569878
0.983339,0.181781
0.957436,0.288645
-0.559035,0.829144
-0.559035,0.829144
-0.17133,0.985214
-0.0391144,0.999235
-0.00678497,0.999977
0.0712156,0.997461
-0.732962,0.68027
-0.149484,0.988764
-0.144451,-0.989512
-0.144451,-0.989512
0.00523651,0.999986
0.133875,0.990998
-0.0390286,0.999238
0.21496,0.976623
-0.97301,-0.230764
0.890629,0.454731
0.823393,0.567472
-0.0224349,-0.999748
-0.189065,-0.981965
0.824185,0.566321
-0.963581,-0.267416
0.950519,0.310665
0.504669,0.863313
0.655818,0.754919
0.675972,0.736927
0.856759,0.515717
0.773799,0.633431
0.858872,0.51219
0.719613,0.694375
0.640855,0.767662
0.85812,0.51345
0.616307,0.787506
0.0776487,-0.996981
-0.618474,-0.785805
-0.581755,-0.813364
-0.44499,-0.895536
0.862489,-0.506076
-0.917552,-0.397616
-0.917552,-0.397616
-0.11851,-0.992953
0.957436,0.288645
-0.892138,0.451763
-0.114044,-0.993476
0.701178,-0.712986
-0.953152,0.302492
0.890188,0.455593
0.972495,0.232926
0.998779,0.0494041
-0.648356,0.761338
-0.772298,0.63526
-0.0174289,-0.999848
-0.0174289,-0.999848
0.169017,0.985613
-0.678422,0.734672
0.692229,-0.721678
0.613215,-0.789916
-0.371132,-0.92858
-0.913383,-0.407101
-0.144451,-0.989512
-0.989544,-0.144233
-0.234741,-0.972058
-0.0215569,0.999768
-0.106967,-0.994263
-0.0267734,0.999642
-0.00825392,0.999966
0.107531,0.994202
0.0559945,0.998431
-0.033199,0.999449
0.21496,0.976623
-0.0390286,0.999238
-0.104883,0.994485
-0.104883,0.994485
-0.139803,-0.990179
-0.0936371,-0.995606
-0.134684,-0.990889
-0.189065,-0.981965
-0.0619226,-0.998081
0.00362619,-0.999993
0.148703,-0.988882
0.218806,-0.975768
-0.0080533,-0.999968
0.0602007,-0.998186
0.430455,-0.902612
0.0397786,-0.999209
-0.0128826,-0.999917
0.916491,0.400055
0.999827,0.0186175
0.997374,0.0724188
0.596416,0.802676
0.999989,0.00478684
0.976233,-0.216725
0.616307,0.787506
0.907282,-0.420522
-0.917552,-0.397616
-0.246029,-0.969262
-0.0857973,-0.996313
-0.895746,0.444566
-0.932503,0.361163
0.902843,0.429971
0.82173,-0.569878
0.890188,0.455593
0.668215,0.743968
0.972495,0.232926
0.999872,0.0160163
0.998779,0.0494041
0.136872,0.990589
0.22194,-0.97506
-0.0288084,0.999585
-0.913383,-0.407101
0.826798,-0.562499
0.613215,-0.789916
-0.371132,-0.92858
-0.914161,-0.405351
0.349666,0.936875
-0.913383,-0.407101
-0.149484,0.988764
0.349666,0.936875
-0.914161,-0.405351
-0.18998,-0.981788
-0.106967,-0.994263
-0.00825392,0.999966
0.1912,0.981551
-0.033199,0.999449
-0.0673608,0.997729
-0.998415,0.056274
0.975755,0.218867
0.883649,0.46815
0.826883,0.562373
-0.0619226,-0.998081
0.218806,-0.975768
-0.0080533,-0.999968
0.86106,0.508503
0.953945,0.299982
0.448521,0.893772
0.59279,0.805357
0.860923,0.508735
-0.956468,-0.291837
0.740173,0.672417
0.648308,0.761378
0.508376,0.861135
0.51247,0.858705
-0.29895,-0.954269
0.454439,0.890778
-0.417625,-0.90862
0.0233359,-0.999728
0.777671,-0.628671
-0.320745,-0.947166
-0.320745,-0.947166
-0.0153465,-0.999882
0.619455,-0.785032
0.187858,-0.982196
-0.895746,0.444566
0.902843,0.429971
0.422278,0.906467
0.999872,0.0160163
-0.223288,-0.974753
-0.0174289,-0.999848
0.136872,0.990589
0.182406,0.983223
-0.740232,0.672351
0.754262,-0.656574
0.687478,-0.726206
0.269248,-0.963071
0.00654107,-0.999979
0.349666,0.936875
0.148034,0.988982
-0.913383,-0.407101
0.0776487,-0.996981
-0.29895,-0.954269
0.349666,0.936875
-0.897991,-0.440015
0.249453,0.968387
-0.0215569,0.999768
-0.045471,-0.998966
-0.00030621,1
-0.116247,-0.99322
-0.0237669,0.999718
-0.0137629,0.999905
0.0987843,0.995109
0.0135455,-0.999908
-0.0648321,-0.997896
-0.0175915,0.999845
-0.0121614,0.999926
0.612408,0.790542
-0.00473037,-0.999989
0.0936185,-0.995608
-0.0114382,-0.999935
0.128314,-0.991734
0.131762,-0.991281
0.0894175,-0.995994
0.107954,-0.994156
0.0362603,-0.999342
0.994828,-0.101573
0.999985,-0.00545189
0.460709,0.887551
0.987669,-0.156558
0.993834,0.110874
-0.244836,-0.969564
0.148592,-0.988899
-0.660232,0.751062
0.864959,-0.501843
0.946441,0.322876
0.812785,0.582564
0.332439,0.943125
-0.342154,0.939644
0.131693,-0.991291
0.101567,-0.994829
0.0239972,0.999712
0.148034,0.988982
0.0779444,-0.996958
-0.897991,-0.440015
0.223547,0.974693
0.148034,0.988982
-0.20387,-0.978998
-0.00030621,1
-0.0137629,0.999905
-0.280454,-0.959868
0.0135455,-0.999908
-0.00526182,0.999986
0.612408,0.790542
0.970606,-0.240673
0.936353,0.351059
0.867063,0.498198
0.831063,0.556178
-0.00473037,-0.999989
0.80001,0.599987
0.371362,0.928488
-0.990225,-0.139482
0.822032,0.569442
0.495757,0.868461
0.287278,0.957847
0.51247,0.858705
-0.193753,-0.98105
-0.29895,-0.954269
0.385749,0.922604
0.375897,0.926661
-0.247145,-0.968979
-0.0194778,-0.99981
-0.590429,-0.807089
0.307901,0.951418
0.139442,-0.99023
0.19992,-0.979812
-0.660232,0.751062
0.946441,0.322876
0.161057,0.986945
-0.244943,-0.969537
0.127883,0.991789
-0.00815959,0.999967
-0.740232,0.672351
-0.0629967,-0.998014
0.734401,-0.678716
0.437587,-0.899176
-0.214868,0.976643
0.00654107,-0.999979
0.407963,-0.912998
-0.897991,-0.440015
0.0827634,0.996569
-0.193753,-0.98105
-0.156796,-0.987631
-0.233047,-0.972465
-0.0430373,-0.999073
-0.045471,-0.998966
0.0405064,0.999179
-0.0253678,0.999678
-0.123564,-0.992337
-0.04915,0.998791
-0.288098,-0.957601
-0.1021,-0.994774
-0.175961,0.984397
-0.0298063,-0.999556
-0.234228,-0.972182
-0.0202391,0.999795
-0.0121614,0.999926
0.0662347,0.997804
0.612408,0.790542
-0.00395851,0.999992
0.647929,-0.761701
-0.0114382,-0.999935
0.289072,-0.957307
0.318819,-0.947816
0.323504,-0.946227
0.279036,-0.960281
0.195703,-0.980663
0.172137,-0.985073
0.289072,-0.957307
0.156306,0.987709
0.631355,0.775494
0.223481,0.974708
0.297522,-0.954715
0.393858,-0.919171
-0.252187,0.967678
0.566478,-0.824077
0.402087,0.915601
0.0832619,0.996528
0.00551594,0.999985
-0.177204,-0.984174
-0.0142034,-0.999899
0.0306244,-0.999531
-0.0425052,-0.999096
-0.0629967,-0.998014
-0.324383,0.945926
0.0489354,-0.998802
0.0949364,-0.995483
0.407963,-0.912998
0.407963,-0.912998
0.152911,0.98824
-0.166847,-0.985983
0.0405064,0.999179
-0.288098,-0.957601
-0.574537,-0.818479
-0.0298063,-0.999556
-0.011948,0.999929
0.0662347,0.997804
0.640053,-0.768331
0.0662347,0.997804
-0.0233861,0.999727
0.739624,0.67302
0.75626,0.654271
0.592982,0.805216
0.654913,-0.755704
0.177601,0.984103
0.061566,0.998103
0.290384,0.95691
0.316513,0.948588
-0.258933,-0.965895
-0.167366,-0.985895
-0.274812,-0.961498
0.160306,0.987067
0.287517,-0.957776
0.233604,-0.972332
0.402087,0.915601
-0.0528082,0.998605
-0.167638,-0.985849
0.0444125,0.999013
0.0989595,-0.995091
-0.0990743,0.99508
0.734401,-0.678716
0.175928,-0.984403
0.0210334,0.999779
-0.160408,0.987051
-0.219486,0.975616
0.0949364,-0.995483
0.0955312,-0.995426
0.407963,-0.912998
0.0662347,0.997804
0.0152922,0.999883
-0.00395851,0.999992
-0.011948,0.999929
-0.0782076,-0.996937
-0.0180005,-0.999838
0.00328332,-0.999995
-0.0526479,0.998613
-0.12568,-0.992071
-0.0682661,0.997667
-0.311956,-0.950096
-0.630916,-0.775851
0.135373,-0.990795
0.995691,0.0927327
0.0211864,-0.999776
-0.682714,0.730685
-0.00450429,0.99999
0.640053,-0.768331
0.114894,-0.993378
-0.261032,-0.96533
0.683405,-0.73004
0.5531,-0.833115
0.424927,-0.905228
0.310609,-0.950538
0.654913,-0.755704
0.298006,0.954564
0.164731,0.986339
-0.149587,-0.988749
0.372697,-0.927953
0.105981,-0.994368
-0.0625256,-0.998043
-0.481271,-0.876572
-0.215009,0.976612
-0.155968,0.987762
-0.316599,0.948559
-0.0687693,-0.997633
-0.0594196,-0.998233
-0.0821192,-0.996623
0.175928,-0.984403
-0.251605,0.96783
0.0240901,0.99971
0.132342,-0.991204
-0.214868,0.976643
-0.160408,0.987051
-0.219486,0.975616
-0.219486,0.975616
-0.245773,0.969327
0.10792,0.99416
-0.00450429,0.99999
0.00328332,-0.999995
-0.311956,-0.950096
0.98398,-0.178276
0.135373,-0.990795
0.708554,-0.705656
0.98398,-0.178276
-0.682714,0.730685
-0.574537,-0.818479
-0.234228,-0.972182
-0.682714,0.730685
0.708554,-0.705656
0.636071,0.771631
0.724961,0.68879
0.71293,0.701236
0.546263,0.837614
0.718326,-0.695707
0.0587036,0.998275
0.0647908,0.997899
0.197045,0.980394
0.212174,0.977232
-0.163143,-0.986602
0.0417683,0.999127
0.40377,-0.914861
0.372697,-0.927953
0.232485,-0.9726
0.233604,-0.972332
-0.215009,0.976612
-0.23302,0.972472
-0.111906,-0.993719
-0.259188,0.965827
-0.310849,0.950459
0.0707601,-0.997493
0.0210334,0.999779
-0.380532,0.924768
0.0210334,0.999779
-0.665679,0.746238
-0.251605,0.96783
0.0240901,0.99971
-0.324383,0.945926
-0.0650006,0.997885
-0.183967,0.982932
-0.202057,0.979374
-0.245773,0.969327
0.0420205,-0.999117
0.0205729,0.999788
-0.0715499,-0.997437
0.0828148,0.996565
-0.01098,-0.99994
0.00724112,-0.999974
-0.0827738,0.996568
0.0372448,0.999306
-0.0972047,0.995264
-0.00263958,-0.999997
0.993889,0.110385
0.138088,-0.99042
0.00871889,-0.999962
0.879572,-0.475766
0.0372448,0.999306
0.931337,-0.364159
-0.830518,0.556992
0.0925534,-0.995708
-0.605518,-0.795832
0.718326,-0.695707
0.686004,-0.727598
0.589302,-0.807913
0.223399,0.974727
0.0696984,0.997568
0.111304,0.993786
0.40291,-0.91524
0.232485,-0.9726
0.40291,-0.91524
0.22329,-0.974752
-0.342701,-0.939444
-0.396793,0.917908
-0.301772,0.95338
-0.209193,0.977874
-0.283589,0.958946
-0.11684,-0.993151
-0.102877,-0.994694
-0.13912,-0.990276
-0.173884,-0.984766
-0.665679,0.746238
-0.0339124,-0.999425
-0.0587236,0.998274
0.0457205,-0.998954
-0.0650006,0.997885
0.132157,-0.991229
-0.200607,0.979672
0.0420205,-0.999117
0.095882,0.995393
0.00724112,-0.999974
-0.00263958,-0.999997
0.999239,0.0390175
0.987815,0.155633
0.138088,-0.99042
-0.830518,0.556992
0.931337,-0.364159
0.766733,0.641966
0.784746,0.619817
0.734285,0.678841
0.546263,0.837614
0.606835,-0.794828
0.485214,-0.874395
0.657272,-0.753653
0.155048,0.987907
-0.131921,0.99126
0.232485,-0.9726
0.22329,-0.974752
0.105981,-0.994368
0.50271,-0.864455
-0.396793,0.917908
-0.370083,0.928999
-0.443491,0.896279
0.302465,-0.95316
-0.559531,0.82881
0.0609534,-0.998141
-0.714321,0.699819
-0.850748,0.525574
0.0457205,-0.998954
-0.0813955,0.996682
0.106496,-0.994313
-0.146076,0.989273
-0.141268,0.989971
0.0752253,-0.997167
-0.200607,0.979672
-0.0618592,-0.998085
0.0623296,0.998056
-0.0480774,-0.998844
0.10341,0.994639
0.0153756,-0.999882
0.758608,-0.651548
-0.107903,0.994161
-0.105139,0.994458
-0.288236,-0.95756
0.984046,-0.177913
0.322105,-0.946704
-0.0400082,-0.999199
0.10341,0.994639
0.888988,-0.457931
0.961824,-0.273669
-0.857996,0.513657
0.00804015,-0.999968
-0.785275,-0.619147
0.606835,-0.794828
0.610461,-0.792047
-0.0755565,0.997142
-0.220112,0.975475
0.525989,-0.850492
-0.449432,0.893314
-0.449432,0.893314
0.286761,-0.958002
-0.31999,-0.947421
-0.265742,0.964044
-0.360813,0.932638
-0.40376,0.914865
-0.850748,0.525574
-0.887608,0.4606
-0.0339124,-0.999425
0.0213206,0.999773
-0.0406893,0.999172
0.0314455,-0.999505
0.106496,-0.994313
0.0808949,-0.996723
-0.0491656,-0.998791
0.0752253,-0.997167
0.758608,-0.651548
-0.288236,-0.95756
0.983636,-0.180167
0.322105,-0.946704
0.931337,-0.364159
0.961824,-0.273669
-0.857996,0.513657
0.0752253,-0.997167
-0.13084,-0.991403
0.0925534,-0.995708
0.00804015,-0.999968
0.851503,0.52435
0.82477,0.565468
0.451944,-0.892046
0.602208,-0.798339
0.583978,-0.81177
0.286761,-0.958002
0.524745,-0.85126
-0.31999,-0.947421
-0.342701,-0.939444
-0.128516,0.991707
-0.128516,0.991707
-0.408494,0.912761
-0.441305,0.897357
0.479414,-0.877589
-0.603469,0.797387
0.287638,-0.957739
-0.779683,0.626175
0.848009,-0.529982
-0.887608,0.4606
-0.891688,0.452651
0.0314455,-0.999505
0.0322278,-0.999481
-0.086521,0.99625
-0.0722325,0.997388
-0.114597,0.993412
-0.931001,0.365015
-0.0491656,-0.998791
-0.102318,-0.994752
-0.0643222,-0.997929
-0.939236,0.343273
-0.0391928,-0.999232
0.0107158,0.999943
0.758608,-0.651548
0.024728,0.999694
-0.107903,0.994161
-0.0686318,0.997642
-0.106315,0.994332
-0.959838,0.280555
0.968071,-0.250676
0.510838,-0.859677
-0.0769696,-0.997033
-0.939236,0.343273
0.896326,-0.443396
-0.861108,0.508422
0.998698,-0.0510101
-0.785275,-0.619147
0.899839,0.436223
0.451944,-0.892046
0.487081,-0.873357
0.487081,-0.873357
-0.190228,0.98174
0.0240698,0.99971
-0.322721,0.946494
-0.630029,0.776572
-0.547455,0.836835
-0.8353,0.549794
0.236582,-0.971612
-0.918939,0.3944
0.0398412,0.999206
-0.036266,0.999342
0.0275495,-0.99962
0.0322278,-0.999481
-0.0408461,0.999165
-0.931001,0.365015
-0.0991313,-0.995074
0.024728,0.999694
-0.0686318,0.997642
-0.107903,0.994161
-0.164313,-0.986408
-0.861108,0.508422
-0.164313,-0.986408
0.968171,-0.250289
0.510838,-0.859677
-0.155863,-0.987779
0.969076,-0.246763
0.998698,-0.0510101
-0.13084,-0.991403
0.998698,-0.0510101
0.903511,0.428564
-0.832895,-0.553431
0.593796,-0.804616
0.554344,-0.832288
-0.0215833,0.999767
-0.66874,0.743496
-0.799514,0.600647
-0.871967,0.489564
-0.896306,0.443435
-0.937196,0.348804
0.236582,-0.971612
0.0398412,0.999206
0.0213206,0.999773
0.236582,-0.971612
-0.903596,0.428385
0.0275495,-0.99962
-0.104035,0.994574
0.064459,-0.99792
0.108361,-0.994112
-0.0290962,0.999577
-0.0104037,-0.999946
-0.931001,0.365015
-0.114597,0.993412
-0.0581733,-0.998307
-0.104882,-0.994485
0.044025,0.99903
0.0214786,0.999769
0.026109,0.999659
0.0018213,0.999998
-0.0219041,0.99976
0.0239998,0.999712
-0.0396735,0.999213
-0.895972,0.44411
0.966297,-0.257431
0.968477,-0.249101
0.884203,-0.467103
-0.0568073,-0.998385
-0.939236,0.343273
-0.0769696,-0.997033
0.0214786,0.999769
0.91622,-0.400675
0.969076,-0.246763
0.999986,-0.00534123
0.899839,0.436223
-0.997688,0.0679581
0.903511,0.428564
0.319468,-0.947597
-0.832895,-0.553431
0.610239,-0.792217
0.610239,-0.792217
-0.999479,0.0322662
0.720688,0.69326
0.832613,-0.553855
-0.968875,0.247552
-0.952794,0.303617
-0.0750952,-0.997176
-0.942739,0.33353
-0.0133137,-0.999911
0.0385371,-0.999257
-0.00847428,-0.999964
-0.104035,0.994574
-0.0104037,-0.999946
-0.0105248,0.999945
-0.0104037,-0.999946
-0.00427585,-0.999991
0.0239998,0.999712
-0.0884443,-0.996081
-0.0884443,-0.996081
0.959132,-0.282958
0.884203,-0.467103
-0.0769696,-0.997033
-0.0568073,-0.998385
-0.104882,-0.994485
-0.155863,-0.987779
-0.975277,-0.220987
0.319468,-0.947597
0.52181,-0.853062
0.319468,-0.947597
0.52181,-0.853062
0.956554,-0.291555
-0.938376,0.345617
-0.0750952,-0.997176
0.236582,-0.971612
-0.952794,0.303617
-0.00427585,-0.999991
-0.00847428,-0.999964
-0.0521978,0.998637
0.0261996,-0.999657
0.0715936,-0.997434
-0.0191872,0.999816
-0.0104037,-0.999946
0.108361,-0.994112
0.000546692,1
0.0327766,0.999463
-0.864154,0.503227
-0.0371927,-0.999308
0.0152851,0.999883
-0.00628146,0.99998
-0.0294797,0.999565
-0.0875717,0.996158
0.0530966,0.998589
0.89864,-0.438686
-0.969324,0.245787
0.964971,-0.262357
0.974869,-0.222779
0.966633,-0.256164
-0.100775,-0.994909
-0.944993,0.327091
0.983514,-0.180831
-0.0750952,-0.997176
-0.976542,0.215325
-0.0133137,-0.999911
-0.864154,0.503227
-0.999941,-0.0108229
0.0505618,-0.998721
0.0164086,0.999865
-0.0521978,0.998637
0.0715936,-0.997434
-0.0191872,0.999816
-0.00638516,-0.99998
0.0530966,0.998589
-0.170699,-0.985323
-0.170699,-0.985323
0.974869,-0.222779
0.965937,-0.258776
-0.100775,-0.994909
-0.931324,0.364191
-0.999941,-0.0108229
0.0505618,-0.998721
-0.0129591,0.999916
0.0113295,-0.999936
0.0612047,-0.998125
-0.033752,0.99943
0.00913519,0.999958
-0.028601,-0.999591
-0.878921,0.476968
0.00278232,0.999996
-0.00920733,0.999958
-0.022799,0.99974
-0.0594133,0.998233
-0.14468,0.989479
0.135147,0.990826
-0.965737,0.259522
0.927919,-0.372781
0.965997,-0.258554
0.984994,-0.172591
0.263767,0.964586
0.964849,-0.262803
-0.910159,0.414258
-0.878921,0.476968
0.967974,-0.25105
-0.0424349,0.999099
0.202009,-0.979384
-0.988773,-0.149422
0.0401591,-0.999193
-0.0222321,-0.999753
-0.0129591,0.999916
0.0113295,-0.999936
0.0612047,-0.998125
0.0261996,-0.999657
0.0612047,-0.998125
-0.033752,0.99943
0.00569653,-0.999984
0.135147,0.990826
-0.500882,-0.865515
-0.500882,-0.865515
0.984994,-0.172591
0.263767,0.964586
0.964571,-0.263822
-0.988773,-0.149422
0.0401591,-0.999193
-0.0137708,-0.999905
0.0290003,-0.999579
0.0113295,-0.999936
0.0422598,-0.999107
0.0612047,-0.998125
-0.0356271,0.999365
0.0333171,-0.999445
-0.0581244,0.998309
0.0117474,-0.999931
-0.00993377,0.999951
-0.0210131,0.999779
-0.0484317,0.998826
-0.0863178,0.996268
-0.114552,0.993417
-0.997127,-0.0757452
0.958117,-0.286378
0.962814,-0.270164
-0.762707,0.646744
0.96217,-0.272449
0.312887,0.94979
0.965403,-0.260762
-0.793383,0.608722
-0.0581244,0.998309
0.329335,-0.944213
0.0127853,-0.999918
0.169845,-0.985471
-1,0.000270998
0.0317403,0.999496
0.00663219,-0.999978
-0.0137708,-0.999905
0.0290003,-0.999579
0.0422598,-0.999107
0.0113295,-0.999936
-0.0356271,0.999365
0.0165304,-0.999863
-0.997127,-0.0757452
-0.500882,-0.865515
-0.997127,-0.0757452
-0.762707,0.646744
0.96217,-0.272449
0.312887,0.94979
0.962167,-0.272462
-1,0.000270998
0.0317403,0.999496
0.00746817,-0.999972
0.0253119,-0.99968
0.0354079,-0.999373
-0.0167877,-0.999859
0.0597044,-0.998216
-0.784641,0.619951
0.0546389,-0.998506
0.00460057,0.999989
-0.0435121,0.999053
-0.0739028,0.997265
-0.0596985,0.998216
-0.0235124,0.999724
-0.997127,-0.0757452
0.946881,-0.321583
0.964728,-0.263247
0.961337,-0.275376
0.140201,-0.990123
-0.984757,0.173934
0.973374,-0.229221
-0.784641,0.619951
-0.176042,0.984383
-0.257832,-0.96619
-0.0531593,-0.998586
0.127337,-0.99186
-0.119743,-0.992805
-0.0651599,0.997875
0.0484071,-0.998828
0.0253119,-0.99968
0.00746817,-0.999972
-0.0167877,-0.999859
0.0714057,-0.997447
0.946881,-0.321583
0.140201,-0.990123
-0.984757,0.173934
0.968127,-0.250461
-0.119743,-0.992805
-0.0651599,0.997875
-0.00389675,0.999992
-0.0131921,-0.999913
0.0267131,0.999643
-0.0219042,-0.99976
0.0846453,-0.996411
-0.558722,0.829355
0.0988929,-0.995098
-0.0805788,0.996748
-0.101377,0.994848
-0.0754218,0.997152
-0.010251,0.999947
0.97116,-0.238429
0.956675,-0.291157
0.0356061,-0.999366
-0.984757,0.173934
0.140201,-0.990123
-0.0805788,0.996748
-0.558722,0.829355
-0.316831,-0.948482
-0.293117,-0.956076
-0.0832907,-0.996525
0.051711,-0.998662
-0.193003,-0.981198
-0.177461,0.984128
0.0903298,-0.995912
0.0267131,0.999643
-0.00389675,0.999992
0.0988929,-0.995098
0.0546389,-0.998506
0.0846453,-0.996411
0.148304,-0.988942
0.97116,-0.238429
0.0356061,-0.999366
0.140201,-0.990123
0.0137395,-0.999906
-0.193003,-0.981198
-0.177461,0.984128
-0.0253975,0.999677
-0.0548434,-0.998495
-0.0208885,-0.999782
0.019814,0.999804
-0.0611815,0.998127
-0.0219042,-0.99976
-0.0402345,0.99919
0.0314076,0.999507
0.0137395,-0.999906
-0.0759016,-0.997115
-0.0759016,-0.997115
-0.0402345,0.99919
-0.442817,-0.896612
-0.423298,-0.905991
-0.174638,-0.984633
-0.0475923,-0.998867
-0.246188,-0.969222
-0.382973,0.923759
0.173003,-0.984921
-0.0548434,-0.998495
-0.0611815,0.998127
0.0314076,0.999507
0.148304,-0.988942
0.148423,-0.988924
-0.246188,-0.969222
-0.246188,-0.969222
-0.382973,0.923759
-0.177461,0.984128
0.148423,-0.988924
-0.0430292,0.999074
-0.0880493,0.996116
-0.0261641,-0.999658
-0.0208885,-0.999782
0.153774,-0.988106
0.00139889,0.999999
0.408939,0.912562
-0.0532825,0.998579
0.408939,0.912562
-0.473497,-0.880795
-0.401134,-0.916019
-0.190696,-0.981649
-0.132385,-0.991198
-0.246188,-0.969222
-0.390448,-0.920625
-0.382973,0.923759
-0.390448,-0.920625
0.772725,-0.634741
-0.0880493,0.996116
0.153774,-0.988106
-0.0532825,0.998579
-0.30272,0.95308
-0.390448,-0.920625
0.772725,-0.634741
0.173003,-0.984921
-0.390448,-0.920625
-0.102662,0.994716
-0.0442981,0.999018
-0.0931317,-0.995654
-0.0261641,-0.999658
0.330489,-0.94381
0.505897,0.862594
-0.0509197,0.998703
-0.62891,0.777478
0.505897,0.862594
-0.437183,-0.899373
-0.405357,-0.914159
-0.287964,-0.957641
-0.286866,-0.957971
0.772725,-0.634741
-0.392357,-0.919813
-0.30272,0.95308
-0.0931317,-0.995654
0.330489,-0.94381
-0.62891,0.777478
-0.62891,0.777478
-0.885381,0.464866
-0.707699,-0.706514
-0.102662,0.994716
-0.994191,0.107631
0.42596,-0.904742
0.455455,0.890259
-0.62891,0.777478
-0.906796,0.421571
-0.0509197,0.998703
-0.3152,-0.949025
0.455455,0.890259
-0.458381,-0.888756
-0.415874,-0.909422
-0.365104,-0.930967
-0.707699,-0.706514
-0.906796,0.421571
0.42596,-0.904742
-0.906796,0.421571
-0.707699,-0.706514
-0.885381,0.464866
-0.96493,0.262508
-0.885381,0.464866
-0.994191,0.107631
0.343478,-0.939161
-0.561162,0.827706
-0.906796,0.421571
0.141189,0.989983
0.350962,0.93639
0.141189,0.989983
-0.349802,-0.936824
0.350962,0.93639
-0.342439,-0.93954
-0.752488,-0.658606
-0.561162,0.827706
-0.561162,0.827706
0.343478,-0.939161
0.327081,0.944996
0.130127,0.991497
-0.561162,0.827706
