# uv_i_x uv_i_y  uv_j_x uv_j_y
0.078734 0.751294  0.677004 0.678200
0.062961 0.753549  0.666691 0.699655
0.062011 0.725589  0.784404 0.337314
0.083060 0.784419  0.502509 0.362531
0.865476 0.393140  0.489667 0.355792
0.109422 0.777210  0.647284 0.661473
0.047157 0.754765  0.654493 0.706337
0.054469 0.765776  0.658371 0.695905
0.447975 0.401886  0.502237 0.377020
0.140994 0.755300  0.865144 0.331274
0.132368 0.767871  0.671966 0.654579
0.124696 0.779263  0.656359 0.641569
0.046274 0.728072  0.692369 0.711916
0.089382 0.693419  0.291571 0.880234
0.439038 0.376183  0.514974 0.382769
0.449222 0.388329  0.489396 0.370487
0.103072 0.789458  0.527089 0.373544
0.118096 0.789463  0.643350 0.639722
0.039249 0.766461  0.642541 0.710436
0.031137 0.755358  0.652499 0.719716
0.045880 0.775256  0.514132 0.409882
0.460963 0.411298  0.501736 0.390997
0.238539 0.868917  0.771761 0.364215
0.461568 0.397617  0.488873 0.384562
0.147229 0.767015  0.682297 0.640907
0.139200 0.780460  0.669858 0.644487
0.132544 0.791295  0.656152 0.635361
0.031141 0.730687  0.691845 0.726755
0.023516 0.742484  0.664207 0.728027
0.036160 0.714927  0.771761 0.364215
0.251147 0.874982  0.768466 0.378939
0.067309 0.679989  0.781330 0.403815
0.082171 0.680310  0.768533 0.409087
0.166184 0.744638  0.709141 0.640807
0.450641 0.376100  0.502237 0.377020
0.440533 0.357473  0.515077 0.353816
0.462675 0.383654  0.476127 0.377539
0.112429 0.799774  0.527001 0.344827
0.126483 0.800855  0.643025 0.629465
0.474975 0.422359  0.501693 0.418941
0.024418 0.764684  0.640393 0.725174
0.016530 0.751893  0.651570 0.734352
0.474726 0.405998  0.501736 0.390997
0.237913 0.879674  0.783629 0.373300
0.051278 0.680705  0.783629 0.373300
0.175497 0.732557  0.727784 0.632322
0.451846 0.363579  0.502509 0.362531
0.154680 0.779889  0.683059 0.625556
0.162408 0.766200  0.694633 0.618786
0.172415 0.757408  0.706796 0.612573
0.146636 0.793176  0.656152 0.635361
0.140223 0.803087  0.643025 0.629465
0.018420 0.726516  0.677544 0.735182
0.022446 0.720253  0.690485 0.741241
0.011251 0.737452  0.664378 0.742549
0.025270 0.702911  0.291571 0.880234
0.259370 0.880951  0.767807 0.394574
0.244938 0.886796  0.768466 0.378939
0.075485 0.666847  0.781330 0.403815
0.060979 0.666514  0.781330 0.403815
0.181748 0.745675  0.719526 0.606968
0.463725 0.370245  0.489396 0.370487
0.440064 0.342038  0.514891 0.338918
0.452104 0.349194  0.502510 0.347553
0.427364 0.335792  0.526110 0.330401
0.414186 0.330846  0.537158 0.322380
0.230159 0.890720  0.783629 0.373300
0.048953 0.666545  0.795584 0.408776
0.183705 0.719487  0.741574 0.627112
0.190243 0.732842  0.733284 0.601794
0.464157 0.356144  0.489667 0.355792
0.169053 0.778943  0.682715 0.610589
0.162020 0.792531  0.672621 0.603737
0.949262 0.884301  0.694808 0.603559
0.187038 0.756505  0.707892 0.596944
0.400490 0.326705  0.537158 0.322380
0.009775 0.722741  0.677010 0.750357
0.011954 0.709289  0.688568 0.755947
0.014084 0.694189  0.291571 0.880234
0.782098 0.417203  0.767807 0.394574
0.795584 0.408776  0.781992 0.388104
0.069360 0.653058  0.781330 0.403815
0.055848 0.652474  0.742558 0.757851
0.196291 0.745675  0.721837 0.591514
0.451506 0.334092  0.502141 0.332225
0.438992 0.327067  0.514439 0.323852
0.464071 0.341408  0.489531 0.340529
0.425995 0.321050  0.526665 0.316206
0.412571 0.315869  0.640738 0.606424
0.808467 0.399306  0.804718 0.375169
0.044962 0.651754  0.742558 0.757851
0.192858 0.707438  0.755444 0.622346
0.199114 0.720703  0.744204 0.612354
0.204915 0.733367  0.735839 0.587049
0.182850 0.778445  0.894430 0.942486
0.176005 0.791241  0.894430 0.942486
0.169482 0.804327  0.672194 0.588859
0.192479 0.768032  0.696673 0.588990
0.202603 0.758392  0.710091 0.582122
0.386299 0.322516  0.657151 0.585525
0.399310 0.310782  0.648497 0.595395
0.064060 0.639143  0.758406 0.757273
0.051902 0.638338  0.758406 0.757273
0.211912 0.747105  0.735839 0.587049
0.450645 0.318733  0.501653 0.317107
0.463350 0.326342  0.488930 0.325244
0.437748 0.311819  0.514574 0.309078
0.424419 0.305639  0.526309 0.301549
0.411266 0.299760  0.540114 0.296243
0.040803 0.637343  0.764924 0.746293
0.208263 0.708503  0.757664 0.608425
0.214120 0.721345  0.761017 0.593725
0.219931 0.734221  0.749192 0.584003
0.196255 0.778133  0.685556 0.580790
0.189363 0.790260  0.685556 0.580790
0.183096 0.802702  0.664987 0.579065
0.176634 0.813842  0.664987 0.579065
0.207437 0.769869  0.698784 0.575458
0.217619 0.759635  0.724354 0.576811
0.385927 0.305236  0.653524 0.571973
0.397797 0.294289  0.641863 0.581378
0.059353 0.625166  0.774117 0.756466
0.047630 0.624194  0.774117 0.756466
0.225512 0.746588  0.738358 0.573095
0.449740 0.303309  0.501224 0.301634
0.462526 0.310905  0.488454 0.309773
0.436678 0.296367  0.513765 0.293663
0.421882 0.289960  0.526995 0.286132
0.313602 0.551226  0.540237 0.279354
0.217171 0.696071  0.771836 0.604780
0.223140 0.708957  0.761017 0.593725
0.229555 0.722303  0.762901 0.580728
0.234737 0.734421  0.751347 0.570876
0.211253 0.780538  0.701098 0.561798
0.200248 0.788694  0.687148 0.565007
0.194855 0.801634  0.672822 0.572605
0.188162 0.813859  0.662984 0.564112
0.373223 0.298568  0.653524 0.571973
0.222129 0.770837  0.714996 0.556280
0.232449 0.759856  0.726518 0.564032
0.389763 0.291170  0.562988 0.282459
0.312074 0.537925  0.552498 0.272945
0.068223 0.612470  0.789583 0.753888
0.055508 0.611375  0.789583 0.753888
0.043553 0.610317  0.930332 0.932500
0.238951 0.745454  0.742549 0.548503
0.462290 0.294821  0.487944 0.294023
0.449429 0.287818  0.500461 0.285778
0.433441 0.280506  0.513285 0.277482
0.419225 0.276288  0.526349 0.257142
0.381730 0.288050  0.562988 0.282459
0.405308 0.272401  0.542874 0.253848
0.232062 0.695637  0.774127 0.591254
0.236588 0.708624  0.776223 0.578072
0.243719 0.722042  0.767557 0.555123
0.247166 0.732738  0.756615 0.545154
0.281482 0.859736  0.703336 0.548576
0.291530 0.866402  0.860148 0.380420
0.206244 0.801279  0.675949 0.556610
0.199690 0.814375  0.662984 0.564112
0.368145 0.283917  0.579251 0.261789
0.272226 0.852745  0.717200 0.544949
0.246575 0.758510  0.731138 0.541938
0.301530 0.528414  0.554246 0.259931
0.391120 0.268646  0.556647 0.246463
0.064590 0.598968  0.804561 0.750211
0.078264 0.600538  0.809718 0.736573
0.092820 0.602569  0.814115 0.722425
0.052183 0.597856  0.798448 0.762827
0.250158 0.742790  0.746276 0.533452
0.461690 0.279485  0.487175 0.278141
0.449031 0.273488  0.499987 0.269436
0.427374 0.265380  0.526349 0.257142
0.413921 0.261259  0.525357 0.243707
0.375534 0.272804  0.566008 0.252909
0.400063 0.257212  0.544946 0.239946
0.244791 0.694117  0.789277 0.575893
0.249553 0.707420  0.778144 0.565863
0.255443 0.720024  0.770825 0.542126
0.258420 0.730257  0.756615 0.545154
0.437760 0.268765  0.513198 0.260994
0.291571 0.851790  0.860148 0.380420
0.282706 0.844765  0.860148 0.368406
0.218418 0.800374  0.680614 0.535405
0.211791 0.814485  0.667970 0.536706
0.362877 0.269510  0.580740 0.246602
0.274241 0.837377  0.719186 0.535020
0.917912 0.428604  0.732984 0.533230
0.302485 0.514606  0.556647 0.246463
0.385671 0.253754  0.556647 0.246463
0.061847 0.585893  0.813349 0.758589
0.074586 0.587155  0.819150 0.745769
0.088584 0.589029  0.824028 0.731771
0.103449 0.591465  0.827848 0.717233
0.049680 0.584659  0.038161 0.583613
0.118700 0.594333  0.830701 0.702817
0.241301 0.679852  0.802332 0.573655
0.263134 0.741456  0.746276 0.533452
0.460489 0.264665  0.486578 0.262703
0.447883 0.259208  0.499228 0.254207
0.423039 0.250689  0.525357 0.243707
0.435962 0.255031  0.510827 0.248895
0.409286 0.246279  0.533320 0.233473
0.369726 0.258561  0.566731 0.238700
0.395453 0.242281  0.546039 0.225835
0.259368 0.694529  0.791746 0.563226
0.255319 0.680791  0.805334 0.560603
0.261208 0.706058  0.780907 0.553363
0.576814 0.663295  0.770825 0.542126
0.269656 0.728204  0.760137 0.531920
0.291571 0.836837  0.693513 0.532922
0.231330 0.799499  0.680614 0.535405
0.284526 0.829695  0.707267 0.527677
0.224278 0.814126  0.591136 0.239443
0.356826 0.255521  0.581409 0.231503
0.277928 0.822656  0.721698 0.523370
0.590378 0.632024  0.735472 0.522936
0.302455 0.501351  0.557714 0.232436
0.380837 0.239129  0.557687 0.217894
0.071695 0.574118  0.828106 0.754235
0.059381 0.572811  0.821739 0.766199
0.084705 0.575540  0.832206 0.739720
0.099164 0.577854  0.837704 0.726174
0.114388 0.581075  0.841684 0.711575
0.129641 0.584524  0.843112 0.696928
0.145000 0.588890  0.843959 0.683764
0.185551 0.591546  0.845210 0.670758
0.250648 0.665945  0.815639 0.571433
0.582504 0.636352  0.749459 0.521728
0.199469 0.596961  0.691981 0.233161
0.459157 0.250248  0.485137 0.248157
0.446590 0.246119  0.496915 0.241985
0.419784 0.235808  0.521229 0.226791
0.433403 0.240842  0.508993 0.234929
0.405852 0.231367  0.533550 0.218899
0.363949 0.244647  0.581409 0.231503
0.391399 0.227441  0.545854 0.211048
0.170942 0.586096  0.854427 0.686099
0.269142 0.693356  0.794513 0.550911
0.267206 0.681479  0.805334 0.560603
0.262783 0.667647  0.817598 0.559863
0.566155 0.665583  0.783893 0.541668
0.570023 0.652066  0.773805 0.530822
0.248782 0.782592  0.309851 0.615318
0.244931 0.798748  0.683003 0.524973
0.237760 0.814267  0.591136 0.239443
0.286573 0.814614  0.724246 0.513560
0.351045 0.241587  0.590596 0.224126
0.591422 0.617133  0.724246 0.513560
0.370177 0.234641  0.557687 0.217894
0.376393 0.224830  0.557687 0.217894
0.069633 0.561540  0.833911 0.274490
0.081784 0.562697  0.811185 0.271117
0.058061 0.560339  0.833911 0.274490
0.095286 0.564323  0.796676 0.275090
0.179761 0.577912  0.748564 0.274838
0.194078 0.582887  0.699072 0.226015
0.458029 0.238273  0.483079 0.236161
0.444789 0.231575  0.495395 0.227974
0.417379 0.220937  0.520778 0.211720
0.431185 0.225964  0.508099 0.219669
0.403005 0.216273  0.533474 0.203849
0.358673 0.230844  0.581628 0.216378
0.387962 0.212000  0.545854 0.211048
0.164835 0.573644  0.765048 0.276885
0.248055 0.621809  0.645021 0.206826
0.552859 0.679894  0.807785 0.549090
0.556152 0.667600  0.797070 0.540415
0.274215 0.669193  0.819887 0.548405
0.258493 0.798371  0.684932 0.514686
0.262168 0.783604  0.156435 0.468709
0.251048 0.814222  0.590596 0.224126
0.593841 0.602218  0.165341 0.460237
0.345304 0.227757  0.542432 0.071984
0.365183 0.221159  0.566259 0.209479
0.372557 0.210456  0.514634 0.106361
0.068834 0.549754  0.837882 0.260340
0.080088 0.550769  0.829011 0.252012
0.092580 0.552090  0.815895 0.257289
0.106414 0.554125  0.791523 0.250534
0.136432 0.561367  0.796676 0.275090
0.151156 0.566941  0.781319 0.276756
0.848572 0.416476  0.621139 0.193993
0.456648 0.223035  0.482035 0.221241
0.443217 0.216675  0.494770 0.212671
0.415378 0.206009  0.520568 0.196568
0.429498 0.211122  0.507618 0.204505
0.400736 0.200799  0.503238 0.128832
0.353479 0.217419  0.528001 0.085454
0.370637 0.199905  0.514634 0.106361
0.160518 0.559168  0.771200 0.264892
0.848165 0.431997  0.632398 0.200903
0.252990 0.611685  0.645021 0.206826
0.543211 0.676483  0.823052 0.536970
0.546126 0.670467  0.810368 0.538315
0.385357 0.194547  0.501104 0.113803
0.272387 0.798462  0.146520 0.478693
0.264494 0.814380  0.146520 0.478693
0.339470 0.214010  0.528979 0.068791
0.558060 0.603728  0.142756 0.396986
0.360679 0.208269  0.514800 0.079289
0.851896 0.239466  0.841002 0.246030
0.862822 0.232559  0.831806 0.237475
0.090399 0.540351  0.819816 0.242739
0.103156 0.541841  0.799185 0.222039
0.132334 0.547709  0.801698 0.261482
0.146917 0.552815  0.786671 0.264009
0.917938 0.945045  0.205709 0.921615
0.455552 0.207888  0.481469 0.205882
0.442019 0.201846  0.494312 0.197476
0.428150 0.196398  0.507285 0.189363
0.413810 0.191053  0.490530 0.137089
0.399259 0.185328  0.488751 0.122708
0.581242 0.586124  0.125564 0.434594
0.348863 0.204131  0.133327 0.477411
0.358176 0.195020  0.501049 0.087195
0.370003 0.187105  0.487901 0.094865
0.156701 0.545180  0.776614 0.252606
0.265810 0.615027  0.633348 0.187683
0.485693 0.724927  0.205709 0.921615
0.384233 0.178934  0.300145 0.785149
0.278476 0.814614  0.120743 0.471712
0.286609 0.798831  0.120743 0.471712
0.290512 0.784607  0.116973 0.457405
0.591807 0.579239  0.113937 0.443740
0.333731 0.200087  0.517534 0.060506
0.554868 0.588690  0.140481 0.411414
0.543309 0.596859  0.142756 0.396986
0.853324 0.225613  0.831806 0.237475
0.863728 0.218601  0.822267 0.227780
0.100895 0.530653  0.812797 0.217323
0.113984 0.532513  0.819816 0.242739
0.128285 0.535433  0.805986 0.247066
0.142678 0.539859  0.791523 0.250534
0.454712 0.192950  0.480997 0.190720
0.441001 0.187076  0.493922 0.182387
0.427043 0.181566  0.477698 0.145394
0.412804 0.175975  0.476937 0.131676
0.398262 0.170141  0.476763 0.118237
0.577296 0.573482  0.112482 0.429096
0.346308 0.189975  0.503008 0.071238
0.356560 0.180818  0.489028 0.077928
0.368517 0.171732  0.474873 0.087468
0.791523 0.250534  0.124792 0.524081
0.153672 0.530448  0.774154 0.215663
0.488776 0.712916  0.633348 0.187683
0.382963 0.163604  0.461589 0.094705
0.292475 0.814548  0.512165 0.045558
0.299669 0.798718  0.107527 0.466588
0.602845 0.568703  0.103712 0.452003
0.587850 0.565074  0.100042 0.439035
0.330599 0.184824  0.498379 0.045577
0.563497 0.567226  0.112482 0.429096
0.853517 0.211640  0.828704 0.210948
0.111864 0.522101  0.822267 0.227780
0.124792 0.524081  0.809567 0.232380
0.138981 0.526816  0.795621 0.236535
0.809567 0.232380  0.853175 0.197627
0.795621 0.236535  0.122005 0.514446
0.176433 0.530039  0.753732 0.179368
0.215706 0.551577  0.692953 0.183217
0.163395 0.523776  0.765451 0.190974
0.508011 0.679606  0.618688 0.207252
0.453980 0.178081  0.466932 0.169281
0.440167 0.172308  0.465793 0.154597
0.426343 0.166844  0.465491 0.140855
0.411933 0.161278  0.464674 0.126760
0.397289 0.155401  0.448862 0.102337
0.573126 0.560101  0.255358 0.916487
0.345509 0.175766  0.492745 0.059591
0.356450 0.166498  0.476104 0.074557
0.368501 0.157169  0.462088 0.079418
0.781115 0.239878  0.134968 0.515726
0.149127 0.519164  0.791254 0.196666
0.493358 0.686774  0.632398 0.200903
0.383026 0.149412  0.461589 0.094705
0.623618 0.549521  0.094007 0.461069
0.612638 0.556440  0.094007 0.461069
0.597945 0.553985  0.090042 0.445578
0.583632 0.549741  0.244208 0.916031
0.332659 0.168702  0.483891 0.047585
0.853175 0.197627  0.828704 0.210948
0.187026 0.522142  0.742146 0.166581
0.173087 0.516373  0.767337 0.176880
0.212946 0.537183  0.704803 0.175030
0.225520 0.545369  0.692728 0.168250
0.158712 0.512206  0.779462 0.186618
0.431588 0.737568  0.680997 0.161567
0.478532 0.690435  0.205709 0.921615
0.494839 0.671428  0.621139 0.193993
0.439494 0.157769  0.452549 0.149105
0.425230 0.152986  0.451681 0.135143
0.410897 0.148753  0.450859 0.120419
0.396927 0.142670  0.448862 0.102337
0.568469 0.545857  0.089675 0.418877
0.348038 0.161980  0.478671 0.061991
0.355380 0.150543  0.464378 0.065059
0.369778 0.144120  0.448298 0.085009
0.480660 0.676744  0.633348 0.187683
0.383734 0.135736  0.490530 0.137089
0.606354 0.543115  0.090042 0.445578
0.594433 0.535056  0.244208 0.916031
0.579031 0.533980  0.532408 0.142812
0.321814 0.156119  0.475304 0.035679
0.338331 0.154843  0.468646 0.050210
0.492002 0.892450  0.096451 0.370330
0.842621 0.189658  0.830873 0.195555
0.862522 0.170991  0.805179 0.191694
0.802467 0.207082  0.852792 0.171781
0.182180 0.509775  0.770381 0.149687
0.395920 0.774437  0.729095 0.158510
0.167966 0.504802  0.783144 0.157628
0.208644 0.524348  0.716505 0.151256
0.410308 0.753596  0.704884 0.145003
0.417071 0.741175  0.693755 0.139070
0.153432 0.501351  0.795597 0.166453
0.423485 0.728372  0.681237 0.132251
0.466189 0.680333  0.633348 0.187683
0.423881 0.141538  0.437755 0.130023
0.409878 0.136535  0.465491 0.140855
0.397269 0.128696  0.476937 0.131676
0.356595 0.136389  0.517819 0.135801
0.371926 0.127707  0.503238 0.128832
0.854669 0.159536  0.807383 0.176272
0.386102 0.119967  0.300145 0.785149
0.587364 0.520467  0.532408 0.142812
0.574027 0.519506  0.531004 0.127749
0.331345 0.144660  0.548041 0.149508
0.343893 0.141430  0.532408 0.142812
0.485830 0.880040  0.700651 0.816944
0.842742 0.175395  0.820320 0.170954
0.852792 0.171781  0.818794 0.186249
0.791254 0.196666  0.843828 0.161678
0.380395 0.775202  0.742994 0.150444
0.387661 0.765151  0.729909 0.143140
0.848534 0.135822  0.797139 0.151789
0.394989 0.755565  0.717622 0.136501
0.402027 0.743465  0.705940 0.130535
0.408891 0.731284  0.693475 0.124173
0.846667 0.148104  0.809133 0.161031
0.415183 0.718394  0.680786 0.117620
0.455515 0.671266  0.633348 0.187683
0.424476 0.122615  0.450859 0.120419
0.410700 0.123819  0.464674 0.126760
0.399649 0.113885  0.474895 0.102751
0.344209 0.127483  0.531004 0.127749
0.359133 0.124071  0.516130 0.120795
0.376199 0.108790  0.489028 0.077928
0.843828 0.161678  0.820320 0.170954
0.423961 0.692988  0.657309 0.148059
0.389212 0.103201  0.474873 0.087468
0.596463 0.509389  0.546432 0.134277
0.480699 0.868893  0.700651 0.816944
0.477335 0.858030  0.699911 0.833266
0.363110 0.112159  0.501049 0.087195
0.779462 0.186618  0.365013 0.773069
0.365013 0.773069  0.757268 0.142596
0.372156 0.764418  0.744110 0.135714
0.357759 0.781198  0.770381 0.149687
0.379477 0.754855  0.731170 0.128867
0.386801 0.744242  0.718827 0.122766
0.394065 0.732593  0.706313 0.116807
0.401086 0.720048  0.693454 0.110359
0.834739 0.151272  0.822146 0.155829
0.407820 0.695139  0.681237 0.132251
0.413681 0.109217  0.462271 0.111011
0.403256 0.098389  0.462088 0.079418
0.347421 0.115106  0.514800 0.079289
0.368741 0.099062  0.503008 0.071238
0.378887 0.090330  0.466434 0.024239
0.428950 0.104557  0.448862 0.102337
0.392731 0.086387  0.464378 0.065059
0.565036 0.907703  0.096451 0.370330
0.559363 0.882261  0.700928 0.848224
0.354030 0.102190  0.286469 0.952450
0.809133 0.161031  0.824133 0.141219
0.795597 0.166453  0.825563 0.127794
0.350012 0.769896  0.771704 0.135654
0.356923 0.762082  0.758480 0.128626
0.364141 0.753263  0.745229 0.121885
0.825563 0.127794  0.784625 0.143296
0.371649 0.743083  0.732201 0.115492
0.379130 0.732296  0.719443 0.109730
0.386889 0.720902  0.706466 0.103518
0.394908 0.707984  0.668187 0.125286
0.398323 0.683047  0.668187 0.125286
0.417829 0.094108  0.448298 0.085009
0.407579 0.082973  0.450484 0.069470
0.337799 0.103349  0.340095 0.039283
0.361694 0.089677  0.463355 0.001564
0.383855 0.074553  0.449746 0.026227
0.390002 0.695844  0.680786 0.117620
0.397019 0.070114  0.442528 0.039846
0.465590 0.793037  0.340095 0.039283
0.456571 0.822981  0.529202 0.818018
0.554744 0.896624  0.700651 0.816944
0.550568 0.909160  0.700651 0.816944
0.548649 0.917170  0.679886 0.818018
0.546210 0.873315  0.703941 0.862261
0.813162 0.119155  0.785848 0.129544
0.343093 0.757289  0.772812 0.122195
0.349458 0.749850  0.759529 0.115410
0.356729 0.740923  0.746101 0.108893
0.812279 0.132157  0.798547 0.137543
0.364608 0.730309  0.732801 0.102929
0.372590 0.719354  0.742994 0.150444
0.380864 0.708156  0.680786 0.117620
0.383036 0.682837  0.680545 0.103661
0.422868 0.079526  0.437379 0.075155
0.412681 0.068349  0.435682 0.053209
0.556966 0.850896  0.529202 0.818018
0.543789 0.887481  0.699911 0.833266
0.542812 0.854795  0.920443 0.887771
0.374952 0.694787  0.693454 0.110359
0.402333 0.054816  0.393124 0.038940
0.451483 0.793035  0.328204 0.049407
0.559783 0.838489  0.543235 0.819561
0.540163 0.899845  0.699911 0.833266
0.538321 0.906991  0.688829 0.827647
0.538197 0.914394  0.677858 0.829469
0.532347 0.881809  0.712386 0.838315
0.534121 0.867394  0.713258 0.363942
0.800123 0.111335  0.786645 0.116464
0.799971 0.099023  0.773334 0.109450
0.342895 0.736609  0.759853 0.102945
0.350530 0.727174  0.758480 0.128626
0.358628 0.716743  0.744110 0.135714
0.366609 0.706101  0.693466 0.096984
0.368679 0.681340  0.693466 0.096984
0.544846 0.843662  0.534602 0.831879
0.528605 0.893680  0.700928 0.848224
0.530401 0.852053  0.909735 0.881377
0.360896 0.692338  0.706469 0.090692
0.559475 0.823079  0.543235 0.819561
0.731622 0.940187  0.687787 0.844281
0.723600 0.951109  0.676689 0.841239
0.717945 0.960641  0.667202 0.838485
0.514568 0.890448  0.714948 0.851962
0.521986 0.877982  0.718422 0.865349
0.524426 0.863600  0.718355 0.377490
0.872649 0.340788  0.048877 0.337806
0.786374 0.091961  0.773305 0.097217
0.337418 0.722465  0.759529 0.115410
0.345100 0.712882  0.719443 0.109730
0.353243 0.702655  0.706469 0.090692
0.355120 0.678413  0.706315 0.077986
0.361163 0.670247  0.693358 0.083733
0.725805 0.928117  0.690099 0.858952
0.855072 0.872768  0.906599 0.866310
0.347886 0.688475  0.719441 0.084686
0.543235 0.819561  0.103712 0.452003
0.920443 0.887771  0.693719 0.377007
0.716691 0.938992  0.677558 0.855503
0.709783 0.949531  0.667302 0.852106
0.717296 0.915296  0.694285 0.873655
0.894594 0.863874  0.728190 0.854272
0.882293 0.874079  0.729941 0.868192
0.867740 0.881349  0.733495 0.383224
0.325397 0.716557  0.759853 0.102945
0.332336 0.708016  0.732801 0.102929
0.340088 0.698591  0.719441 0.084686
0.341972 0.674920  0.719056 0.072746
0.347774 0.667045  0.693184 0.069778
0.353208 0.660535  0.693184 0.069778
0.872886 0.920966  0.729522 0.369435
0.865726 0.908539  0.878592 0.935105
0.529202 0.818018  0.244208 0.916031
0.709436 0.926525  0.680506 0.870367
0.723838 0.903561  0.708485 0.876550
0.854427 0.884882  0.878592 0.935105
0.918155 0.872402  0.703227 0.370858
0.335085 0.684347  0.732247 0.079165
0.702098 0.937453  0.712386 0.838315
0.708196 0.902078  0.700347 0.888155
0.701301 0.913555  0.703941 0.862261
0.730053 0.891613  0.718422 0.865349
0.893781 0.877022  0.741484 0.869808
0.880667 0.886217  0.735594 0.397205
0.866422 0.894136  0.729522 0.369435
0.320949 0.701915  0.745848 0.085053
0.327880 0.693387  0.732247 0.079165
0.328718 0.672540  0.718877 0.060109
0.333892 0.665177  0.706154 0.064817
0.822786 0.423896  0.706315 0.077986
0.345335 0.650743  0.693358 0.083733
0.354553 0.642555  0.680311 0.089758
0.361885 0.625669  0.693454 0.110359
0.725470 0.355407  0.745746 0.374816
0.694580 0.924434  0.700928 0.848224
0.323194 0.679318  0.731532 0.067776
0.351133 0.632430  0.706469 0.090692
0.372078 0.617431  0.693475 0.124173
0.709288 0.349730  0.733495 0.383224
0.688215 0.935257  0.699911 0.833266
0.692912 0.899924  0.694285 0.873655
0.686823 0.911065  0.690099 0.858952
0.877371 0.896379  0.735594 0.397205
0.731566 0.041971  0.718877 0.060109
0.731222 0.028873  0.706154 0.064817
0.329756 0.645228  0.719056 0.072746
0.338665 0.637089  0.706469 0.090692
0.975233 0.542709  0.706466 0.103518
0.975391 0.557065  0.706469 0.090692
0.697486 0.357419  0.722071 0.391575
0.679566 0.896655  0.680506 0.870367
0.674033 0.907540  0.677558 0.855503
0.383629 0.585880  0.893993 0.415999
0.392516 0.573705  0.897765 0.406955
0.314710 0.644055  0.706154 0.064817
0.975870 0.570934  0.706469 0.090692
0.703227 0.370858  0.708364 0.385681
0.401955 0.558884  0.905038 0.396091
0.977075 0.583677  0.706315 0.077986
0.667983 0.892903  0.670203 0.866885
0.661180 0.904057  0.667302 0.852106
0.966978 0.489628  0.917683 0.335697
0.970242 0.475816  0.893993 0.415999
0.391352 0.561480  0.905038 0.396091
0.707473 0.050370  0.708314 0.023184
0.708480 0.009423  0.694358 0.055248
0.693719 0.377007  0.089675 0.418877
0.383966 0.568215  0.897765 0.406955
0.394271 0.548958  0.898989 0.381906
0.965281 0.588814  0.693184 0.069778
0.244208 0.916031  0.255358 0.916487
0.655834 0.889329  0.659225 0.863180
0.651100 0.900396  0.657691 0.848539
0.957861 0.476169  0.917683 0.335697
0.929792 0.407825  0.905898 0.356865
0.883802 0.421350  0.898989 0.381906
0.695539 0.041222  0.697230 0.027526
0.698237 0.014033  0.681941 0.046038
0.953803 0.490492  0.917683 0.335697
0.920787 0.397258  0.882760 0.362230
0.386759 0.539203  0.898989 0.381906
0.646298 0.885635  0.649109 0.859524
0.922322 0.419602  0.893404 0.350832
0.946781 0.475189  0.893778 0.336201
0.913032 0.409151  0.895111 0.366706
0.379404 0.540468  0.898989 0.381906
0.407965 0.464220  0.037568 0.286007
0.681941 0.046038  0.687247 0.018401
0.925427 0.508102  0.357748 0.848763
0.925565 0.494101  0.360477 0.834092
0.923581 0.556989  0.363085 0.875151
0.388766 0.523592  0.895111 0.366706
0.905038 0.396091  0.898989 0.381906
0.373448 0.527865  0.895111 0.366706
0.929646 0.478748  0.271233 0.896102
0.638882 0.881981  0.228136 0.956877
0.633038 0.893384  0.035604 0.315416
0.938233 0.459421  0.882077 0.345966
0.905702 0.420017  0.882760 0.362230
0.897765 0.406955  0.886307 0.377913
0.918342 0.363212  0.895111 0.366706
0.395159 0.456937  0.027309 0.275361
0.669311 0.036177  0.674341 0.022883
0.912807 0.499056  0.369969 0.845175
0.913117 0.485018  0.374027 0.830439
0.911455 0.566706  0.743373 0.426742
0.912979 0.581152  0.356562 0.903034
0.377550 0.513224  0.366742 0.489914
0.916659 0.349419  0.906304 0.328473
0.382571 0.458423  0.018465 0.264644
0.915144 0.593999  0.084760 0.084426
0.911624 0.541190  0.334332 0.894979
0.915039 0.471176  0.378237 0.816063
0.629650 0.878710  0.025397 0.305035
0.395484 0.448109  0.018229 0.279242
0.652714 0.057851  0.633479 0.019999
0.920456 0.458813  0.378237 0.816063
0.366532 0.517865  0.366422 0.504022
0.925400 0.446889  0.382588 0.802364
0.893993 0.415999  0.875350 0.373664
0.887793 0.402243  0.883268 0.387649
0.905898 0.356865  0.882760 0.362230
0.924616 0.340563  0.925782 0.326645
0.382562 0.449970  0.018465 0.264644
0.919217 0.607418  0.099445 0.083601
0.898712 0.535143  0.346926 0.892991
0.899550 0.520217  0.379231 0.856625
0.900595 0.490245  0.366583 0.860174
0.898567 0.548342  0.337872 0.905364
0.901627 0.475510  0.389007 0.827347
0.899847 0.576397  0.366872 0.900810
0.902253 0.591173  0.351522 0.916713
0.905252 0.606035  0.090929 0.072009
0.904327 0.460741  0.389007 0.827347
0.910248 0.448548  0.393623 0.813674
0.354274 0.510496  0.925782 0.326645
0.917451 0.439640  0.873258 0.383725
0.654975 0.014162  0.937595 0.894535
0.938026 0.240798  0.930511 0.229008
0.943004 0.633538  0.927227 0.166688
0.930089 0.636343  0.939171 0.146883
0.910169 0.617575  0.114943 0.082867
0.885824 0.541838  0.020420 0.084905
0.886607 0.527386  0.356562 0.903034
0.888536 0.481019  0.379231 0.856625
0.886808 0.571621  0.377262 0.911838
0.886051 0.556580  0.346782 0.930365
0.890527 0.465242  0.399187 0.838169
0.889663 0.586662  0.373191 0.924872
0.895470 0.597966  0.359595 0.928266
0.357696 0.460627  0.017031 0.239298
0.637678 0.034170  0.633479 0.019999
0.915749 0.630464  0.129168 0.080516
0.895584 0.615287  0.106319 0.072476
0.433151 0.822364  0.404399 0.824309
0.888687 0.604759  0.359595 0.928266
0.613117 0.052717  0.612869 0.021566
0.625569 0.043857  0.625414 0.027976
0.423589 0.811967  0.409015 0.812573
0.943583 0.228837  0.935517 0.217946
0.964637 0.234464  0.938776 0.160616
0.918591 0.645127  0.844800 0.965095
0.901369 0.626575  0.122452 0.071279
0.872633 0.549802  0.359595 0.928266
0.873948 0.534707  0.363346 0.914656
0.875530 0.503958  0.396032 0.894271
0.876196 0.487920  0.389042 0.868311
0.877464 0.471780  0.393966 0.853193
0.873404 0.565068  0.356346 0.941268
0.875419 0.580760  0.386826 0.919798
0.880920 0.456402  0.415329 0.835371
0.880435 0.595261  0.373191 0.924872
0.956839 0.225816  0.930191 0.199392
0.931109 0.653193  0.939171 0.146883
0.906070 0.638463  0.848297 0.947239
0.604864 0.398787  0.844800 0.965095
0.614047 0.409079  0.656238 0.320775
0.623151 0.416992  0.370158 0.937771
0.601924 0.045641  0.594478 0.022326
0.614155 0.037434  0.612869 0.021566
0.178991 0.229048  0.141116 0.212075
0.935517 0.217946  0.926506 0.207376
0.950435 0.215816  0.930191 0.199392
0.920742 0.660586  0.122452 0.071279
0.907674 0.652908  0.848528 0.933802
0.894205 0.632736  0.837111 0.953205
0.862298 0.556767  0.370158 0.937771
0.861474 0.541486  0.373191 0.924872
0.862576 0.526653  0.366872 0.900810
0.864550 0.511483  0.384685 0.883316
0.866270 0.495360  0.399341 0.879435
0.866796 0.479809  0.404186 0.864855
0.424997 0.847983  0.409606 0.850071
0.863949 0.571864  0.395695 0.925693
0.633006 0.424863  0.383766 0.932739
0.962100 0.214133  0.765469 0.798669
0.932728 0.668210  0.848297 0.947239
0.896982 0.645565  0.836727 0.939481
0.607616 0.387287  0.641255 0.322502
0.617720 0.395494  0.649738 0.329898
0.627808 0.403949  0.661371 0.334710
0.637608 0.411500  0.381548 0.944874
0.591962 0.038307  0.594478 0.022326
0.167767 0.218844  0.141116 0.212075
0.166980 0.233345  0.132880 0.220431
0.931479 0.283580  0.031560 0.185500
0.909973 0.668446  0.836727 0.939481
0.922845 0.674971  0.848528 0.933802
0.897445 0.660684  0.836349 0.925376
0.143803 0.822968  0.631093 0.331840
0.432970 0.926994  0.383766 0.932739
0.432547 0.938650  0.381548 0.944874
0.432355 0.913977  0.386826 0.919798
0.854427 0.517894  0.381183 0.898099
0.857456 0.503576  0.399341 0.879435
0.427361 0.873854  0.404186 0.864855
0.646758 0.418025  0.394942 0.938657
0.934181 0.682837  0.848528 0.933802
0.145696 0.839464  0.002519 0.828097
0.610603 0.373887  0.631093 0.331840
0.619063 0.382023  0.640905 0.338154
0.630001 0.389784  0.653006 0.344493
0.640689 0.397330  0.664918 0.350340
0.650836 0.404281  0.674630 0.387248
0.155048 0.223749  0.141116 0.212075
0.153693 0.238430  0.142399 0.229055
0.026823 0.170602  0.040153 0.177471
0.774752 0.791863  0.957914 0.183443
0.777267 0.806428  0.604303 0.323474
0.768041 0.826307  0.021861 0.837336
0.913064 0.683793  0.836349 0.925376
0.898272 0.675861  0.836727 0.939481
0.923795 0.689997  0.849647 0.919879
0.146781 0.853827  0.001079 0.840371
0.131833 0.830998  0.617499 0.327865
0.607251 0.362667  0.618510 0.340627
0.420595 0.936056  0.394942 0.938657
0.420701 0.923540  0.395695 0.925693
0.659861 0.410085  0.407086 0.943546
0.420793 0.910517  0.394260 0.909433
0.421085 0.897367  0.396032 0.894271
0.422146 0.885140  0.399341 0.879435
0.779039 0.820345  0.021861 0.837336
0.934261 0.697172  0.849647 0.919879
0.132665 0.845770  0.011837 0.826888
0.619055 0.368832  0.630554 0.346608
0.630916 0.375833  0.642498 0.353297
0.642274 0.382930  0.654695 0.359832
0.653409 0.389823  0.665101 0.381229
0.788613 0.798533  0.605601 0.335032
0.791207 0.812856  0.011837 0.826888
0.768939 0.840600  0.162136 0.080120
0.627107 0.837949  0.769565 0.855239
0.780415 0.834488  0.021497 0.849858
0.899162 0.690824  0.836349 0.925376
0.148211 0.868144  0.945919 0.375856
0.132997 0.859882  0.001079 0.840371
0.556536 0.954216  0.605601 0.335032
0.122723 0.834138  0.617499 0.327865
0.793391 0.827088  0.010969 0.839558
0.122385 0.847981  0.011837 0.826888
0.781449 0.849096  0.010084 0.852022
0.769565 0.855239  0.174099 0.063124
0.795158 0.841729  0.010084 0.852022
0.133553 0.874035  0.001079 0.840371
0.122012 0.861703  0.001079 0.840371
0.039917 0.130783  0.065432 0.126283
0.050701 0.136860  0.062673 0.144269
0.782341 0.863785  0.837085 0.406594
0.796484 0.856512  0.945919 0.375856
0.810065 0.848099  0.945919 0.375856
0.133913 0.888212  0.945919 0.375856
0.044393 0.118671  0.058119 0.114672
0.051932 0.128707  0.065432 0.126283
0.797406 0.871300  0.837085 0.406594
0.811433 0.863055  0.837085 0.406594
0.134154 0.901679  0.837085 0.406594
0.797492 0.885852  0.836250 0.396551
0.811716 0.877886  0.837085 0.406594
