# uv_i_x uv_i_y  uv_j_x uv_j_y
0.089755 0.748074  0.865144 0.331274
0.092986 0.739100  0.796497 0.329753
0.102982 0.743852  0.682297 0.640907
0.082752 0.737637  0.779933 0.325874
0.096217 0.730127  0.796497 0.329753
0.096203 0.757708  0.515077 0.353816
0.078734 0.751294  0.677004 0.678200
0.233858 0.827998  0.796497 0.329753
0.111474 0.731500  0.682297 0.640907
0.869672 0.424225  0.656359 0.641569
0.110268 0.755145  0.488930 0.325244
0.070629 0.738840  0.796497 0.329753
0.247260 0.831353  0.710989 0.688560
0.090594 0.716660  0.703481 0.703781
0.118795 0.743780  0.670566 0.633251
0.104239 0.718597  0.703481 0.703781
0.869461 0.408546  0.515077 0.353816
0.101967 0.767121  0.489667 0.355792
0.062961 0.753549  0.666691 0.699655
0.070267 0.764780  0.647284 0.661473
0.235826 0.842181  0.703481 0.703781
0.127535 0.731718  0.682297 0.640907
0.119749 0.719817  0.695484 0.647739
0.077121 0.775193  0.515112 0.368448
0.125661 0.755620  0.475843 0.318288
0.117370 0.766935  0.475843 0.318288
0.054996 0.741287  0.678947 0.705727
0.062011 0.725589  0.784404 0.337314
0.251104 0.846091  0.704005 0.718227
0.082563 0.704498  0.703481 0.703781
0.096963 0.705957  0.703481 0.703781
0.134520 0.743870  0.488454 0.309773
0.111750 0.707528  0.703481 0.703781
0.083060 0.784419  0.502509 0.362531
0.865476 0.393140  0.489667 0.355792
0.109422 0.777210  0.647284 0.661473
0.047157 0.754765  0.654493 0.706337
0.054469 0.765776  0.658371 0.695905
0.061019 0.775428  0.514974 0.382769
0.237766 0.855755  0.704005 0.718227
0.135808 0.719399  0.682297 0.640907
0.143673 0.731240  0.670566 0.633251
0.126588 0.709566  0.688568 0.755947
0.447975 0.401886  0.502237 0.377020
0.140994 0.755300  0.865144 0.331274
0.132368 0.767871  0.671966 0.654579
0.124696 0.779263  0.656359 0.641569
0.039240 0.742978  0.665200 0.713704
0.046274 0.728072  0.692369 0.711916
0.052079 0.712268  0.704614 0.733560
0.252956 0.861193  0.704614 0.733560
0.074438 0.692556  0.771761 0.364215
0.089382 0.693419  0.291571 0.880234
0.104098 0.695015  0.291571 0.880234
0.150286 0.743592  0.487944 0.294023
0.119197 0.696881  0.291571 0.880234
0.439038 0.376183  0.514974 0.382769
0.449222 0.388329  0.489396 0.370487
0.103072 0.789458  0.527089 0.373544
0.118096 0.789463  0.643350 0.639722
0.039249 0.766461  0.642541 0.710436
0.031137 0.755358  0.652499 0.719716
0.045880 0.775256  0.514132 0.409882
0.460963 0.411298  0.501736 0.390997
0.238539 0.868917  0.771761 0.364215
0.153103 0.717497  0.670566 0.633251
0.141661 0.710685  0.690485 0.741241
0.159655 0.731454  0.487175 0.278141
0.133540 0.699274  0.703245 0.747740
0.461568 0.397617  0.488873 0.384562
0.147229 0.767015  0.682297 0.640907
0.156504 0.755285  0.695536 0.633403
0.139200 0.780460  0.669858 0.644487
0.132544 0.791295  0.656152 0.635361
0.031141 0.730687  0.691845 0.726755
0.023516 0.742484  0.664207 0.728027
0.036160 0.714927  0.771761 0.364215
0.040987 0.699451  0.703245 0.747740
0.251147 0.874982  0.768466 0.378939
0.067309 0.679989  0.781330 0.403815
0.082171 0.680310  0.768533 0.409087
0.097024 0.681821  0.291571 0.880234
0.112124 0.683722  0.291571 0.880234
0.166184 0.744638  0.709141 0.640807
0.127349 0.685861  0.291571 0.880234
0.450641 0.376100  0.502237 0.377020
0.440533 0.357473  0.515077 0.353816
0.462675 0.383654  0.476127 0.377539
0.112429 0.799774  0.527001 0.344827
0.126483 0.800855  0.643025 0.629465
0.474975 0.422359  0.501693 0.418941
0.024418 0.764684  0.640393 0.725174
0.016530 0.751893  0.651570 0.734352
0.474726 0.405998  0.501736 0.390997
0.237913 0.879674  0.783629 0.373300
0.051278 0.680705  0.783629 0.373300
0.147515 0.701970  0.703245 0.747740
0.168430 0.718442  0.487175 0.278141
0.175497 0.732557  0.727784 0.632322
0.141895 0.687545  0.703245 0.747740
0.451846 0.363579  0.502509 0.362531
0.154680 0.779889  0.683059 0.625556
0.162408 0.766200  0.694633 0.618786
0.172415 0.757408  0.706796 0.612573
0.146636 0.793176  0.656152 0.635361
0.140223 0.803087  0.643025 0.629465
0.018420 0.726516  0.677544 0.735182
0.022446 0.720253  0.690485 0.741241
0.011251 0.737452  0.664378 0.742549
0.025270 0.702911  0.291571 0.880234
0.259370 0.880951  0.767807 0.394574
0.244938 0.886796  0.768466 0.378939
0.075485 0.666847  0.781330 0.403815
0.060979 0.666514  0.781330 0.403815
0.090503 0.668153  0.767807 0.394574
0.105564 0.670088  0.767807 0.394574
0.120848 0.672199  0.767807 0.394574
0.162408 0.703946  0.703245 0.747740
0.181748 0.745675  0.719526 0.606968
0.136064 0.674579  0.291571 0.880234
0.463725 0.370245  0.489396 0.370487
0.440064 0.342038  0.514891 0.338918
0.452104 0.349194  0.502510 0.347553
0.427364 0.335792  0.526110 0.330401
0.414186 0.330846  0.537158 0.322380
0.230159 0.890720  0.783629 0.373300
0.048953 0.666545  0.795584 0.408776
0.156781 0.689537  0.703245 0.747740
0.177505 0.705789  0.690485 0.741241
0.183705 0.719487  0.741574 0.627112
0.190243 0.732842  0.733284 0.601794
0.151207 0.676712  0.703245 0.747740
0.464157 0.356144  0.489667 0.355792
0.169053 0.778943  0.682715 0.610589
0.162020 0.792531  0.672621 0.603737
0.949262 0.884301  0.694808 0.603559
0.187038 0.756505  0.707892 0.596944
0.154173 0.805080  0.657745 0.611083
0.400490 0.326705  0.537158 0.322380
0.009775 0.722741  0.677010 0.750357
0.011954 0.709289  0.688568 0.755947
0.014084 0.694189  0.291571 0.880234
0.782098 0.417203  0.767807 0.394574
0.795584 0.408776  0.781992 0.388104
0.069360 0.653058  0.781330 0.403815
0.084073 0.654356  0.781330 0.403815
0.055848 0.652474  0.742558 0.757851
0.099200 0.656237  0.767807 0.394574
0.114554 0.658358  0.767807 0.394574
0.130011 0.660742  0.767807 0.394574
0.171833 0.692003  0.703245 0.747740
0.196291 0.745675  0.721837 0.591514
0.145231 0.662948  0.767807 0.394574
0.451506 0.334092  0.502141 0.332225
0.438992 0.327067  0.514439 0.323852
0.464071 0.341408  0.489531 0.340529
0.425995 0.321050  0.526665 0.316206
0.412571 0.315869  0.640738 0.606424
0.808467 0.399306  0.804718 0.375169
0.044962 0.651754  0.742558 0.757851
0.166216 0.678477  0.703245 0.747740
0.192858 0.707438  0.755444 0.622346
0.186971 0.694165  0.703245 0.747740
0.199114 0.720703  0.744204 0.612354
0.204915 0.733367  0.735839 0.587049
0.160373 0.665006  0.703245 0.747740
0.182850 0.778445  0.894430 0.942486
0.176005 0.791241  0.894430 0.942486
0.169482 0.804327  0.672194 0.588859
0.192479 0.768032  0.696673 0.588990
0.202603 0.758392  0.710091 0.582122
0.386299 0.322516  0.657151 0.585525
0.399310 0.310782  0.648497 0.595395
0.064060 0.639143  0.758406 0.757273
0.051902 0.638338  0.758406 0.757273
0.108476 0.644378  0.767807 0.394574
0.124079 0.646677  0.767807 0.394574
0.139533 0.649089  0.767807 0.394574
0.181277 0.680859  0.703245 0.747740
0.211912 0.747105  0.735839 0.587049
0.154548 0.651244  0.767807 0.394574
0.450645 0.318733  0.501653 0.317107
0.463350 0.326342  0.488930 0.325244
0.437748 0.311819  0.514574 0.309078
0.424419 0.305639  0.526309 0.301549
0.411266 0.299760  0.540114 0.296243
0.040803 0.637343  0.764924 0.746293
0.175607 0.667134  0.703245 0.747740
0.201957 0.695449  0.704614 0.733560
0.208263 0.708503  0.757664 0.608425
0.196268 0.682631  0.703245 0.747740
0.214120 0.721345  0.761017 0.593725
0.219931 0.734221  0.749192 0.584003
0.169873 0.653324  0.767807 0.394574
0.196255 0.778133  0.685556 0.580790
0.189363 0.790260  0.685556 0.580790
0.183096 0.802702  0.664987 0.579065
0.176634 0.813842  0.664987 0.579065
0.207437 0.769869  0.698784 0.575458
0.217619 0.759635  0.724354 0.576811
0.385927 0.305236  0.653524 0.571973
0.397797 0.294289  0.641863 0.581378
0.073169 0.626500  0.780355 0.744221
0.059353 0.625166  0.774117 0.756466
0.087766 0.628319  0.786028 0.731535
0.102837 0.630396  0.786028 0.731535
0.047630 0.624194  0.774117 0.756466
0.118208 0.632642  0.790585 0.717701
0.133795 0.635161  0.794557 0.703602
0.149248 0.637569  0.794557 0.703602
0.190584 0.669037  0.703245 0.747740
0.225512 0.746588  0.738358 0.573095
0.164305 0.639648  0.797905 0.688971
0.449740 0.303309  0.501224 0.301634
0.462526 0.310905  0.488454 0.309773
0.436678 0.296367  0.513765 0.293663
0.421882 0.289960  0.526995 0.286132
0.313602 0.551226  0.540237 0.279354
0.184534 0.655440  0.703245 0.747740
0.210719 0.683919  0.704614 0.733560
0.217171 0.696071  0.771836 0.604780
0.223140 0.708957  0.761017 0.593725
0.205030 0.670969  0.703245 0.747740
0.229555 0.722303  0.762901 0.580728
0.234737 0.734421  0.751347 0.570876
0.179228 0.641594  0.797905 0.688971
0.211253 0.780538  0.701098 0.561798
0.200248 0.788694  0.687148 0.565007
0.194855 0.801634  0.672822 0.572605
0.188162 0.813859  0.662984 0.564112
0.373223 0.298568  0.653524 0.571973
0.222129 0.770837  0.714996 0.556280
0.232449 0.759856  0.726518 0.564032
0.389763 0.291170  0.562988 0.282459
0.312074 0.537925  0.552498 0.272945
0.068223 0.612470  0.789583 0.753888
0.082569 0.614241  0.795340 0.740988
0.055508 0.611375  0.789583 0.753888
0.097623 0.616435  0.786028 0.731535
0.112711 0.618610  0.786028 0.731535
0.043553 0.610317  0.930332 0.932500
0.128383 0.621206  0.790585 0.717701
0.144055 0.624005  0.794557 0.703602
0.159312 0.626336  0.794557 0.703602
0.238951 0.745454  0.742549 0.548503
0.173882 0.627668  0.797905 0.688971
0.462290 0.294821  0.487944 0.294023
0.449429 0.287818  0.500461 0.285778
0.433441 0.280506  0.513285 0.277482
0.419225 0.276288  0.526349 0.257142
0.381730 0.288050  0.562988 0.282459
0.405308 0.272401  0.542874 0.253848
0.193031 0.644153  0.800564 0.674160
0.232062 0.695637  0.774127 0.591254
0.236588 0.708624  0.776223 0.578072
0.243719 0.722042  0.767557 0.555123
0.247166 0.732738  0.756615 0.545154
0.187692 0.630445  0.797905 0.688971
0.281482 0.859736  0.703336 0.548576
0.291530 0.866402  0.860148 0.380420
0.206244 0.801279  0.675949 0.556610
0.199690 0.814375  0.662984 0.564112
0.368145 0.283917  0.579251 0.261789
0.272226 0.852745  0.717200 0.544949
0.246575 0.758510  0.731138 0.541938
0.301530 0.528414  0.554246 0.259931
0.391120 0.268646  0.556647 0.246463
0.064590 0.598968  0.804561 0.750211
0.078264 0.600538  0.809718 0.736573
0.092820 0.602569  0.814115 0.722425
0.052183 0.597856  0.798448 0.762827
0.107959 0.604957  0.817476 0.708129
0.123394 0.607669  0.817476 0.708129
0.139027 0.610674  0.811435 0.684187
0.154501 0.614188  0.932235 0.858979
0.168077 0.612228  0.825190 0.664657
0.207151 0.646408  0.800564 0.674160
0.250158 0.742790  0.746276 0.533452
0.181750 0.616244  0.722920 0.301987
0.461690 0.279485  0.487175 0.278141
0.449031 0.273488  0.499987 0.269436
0.427374 0.265380  0.526349 0.257142
0.413921 0.261259  0.525357 0.243707
0.375534 0.272804  0.566008 0.252909
0.400063 0.257212  0.544946 0.239946
0.201810 0.633550  0.800564 0.674160
0.244791 0.694117  0.789277 0.575893
0.249553 0.707420  0.778144 0.565863
0.221259 0.648030  0.800564 0.674160
0.255443 0.720024  0.770825 0.542126
0.258420 0.730257  0.756615 0.545154
0.195947 0.620409  0.709228 0.297483
0.437760 0.268765  0.513198 0.260994
0.291571 0.851790  0.860148 0.380420
0.282706 0.844765  0.860148 0.368406
0.218418 0.800374  0.680614 0.535405
0.211791 0.814485  0.667970 0.536706
0.362877 0.269510  0.580740 0.246602
0.274241 0.837377  0.719186 0.535020
0.917912 0.428604  0.732984 0.533230
0.302485 0.514606  0.556647 0.246463
0.385671 0.253754  0.556647 0.246463
0.061847 0.585893  0.813349 0.758589
0.074586 0.587155  0.819150 0.745769
0.088584 0.589029  0.824028 0.731771
0.103449 0.591465  0.827848 0.717233
0.049680 0.584659  0.038161 0.583613
0.118700 0.594333  0.830701 0.702817
0.134265 0.597575  0.832371 0.688563
0.149773 0.601921  0.834325 0.674507
0.164399 0.603283  0.736786 0.305538
0.176799 0.600283  0.730888 0.293611
0.216594 0.635185  0.800564 0.674160
0.241301 0.679852  0.802332 0.573655
0.263134 0.741456  0.746276 0.533452
0.190699 0.606021  0.736786 0.305538
0.460489 0.264665  0.486578 0.262703
0.447883 0.259208  0.499228 0.254207
0.423039 0.250689  0.525357 0.243707
0.435962 0.255031  0.510827 0.248895
0.409286 0.246279  0.533320 0.233473
0.369726 0.258561  0.566731 0.238700
0.395453 0.242281  0.546039 0.225835
0.211697 0.623479  0.826830 0.636100
0.234829 0.649039  0.802428 0.659355
0.259368 0.694529  0.791746 0.563226
0.255319 0.680791  0.805334 0.560603
0.261208 0.706058  0.780907 0.553363
0.227602 0.630772  0.667958 0.235399
0.576814 0.663295  0.770825 0.542126
0.269656 0.728204  0.760137 0.531920
0.204475 0.611218  0.722920 0.301987
0.291571 0.836837  0.693513 0.532922
0.231330 0.799499  0.680614 0.535405
0.284526 0.829695  0.707267 0.527677
0.224278 0.814126  0.591136 0.239443
0.356826 0.255521  0.581409 0.231503
0.277928 0.822656  0.721698 0.523370
0.590378 0.632024  0.735472 0.522936
0.302455 0.501351  0.557714 0.232436
0.380837 0.239129  0.557687 0.217894
0.071695 0.574118  0.828106 0.754235
0.059381 0.572811  0.821739 0.766199
0.084705 0.575540  0.832206 0.739720
0.099164 0.577854  0.837704 0.726174
0.114388 0.581075  0.841684 0.711575
0.129641 0.584524  0.843112 0.696928
0.145000 0.588890  0.843959 0.683764
0.160721 0.594338  0.845210 0.670758
0.185551 0.591546  0.845210 0.670758
0.250648 0.665945  0.815639 0.571433
0.582504 0.636352  0.749459 0.521728
0.199469 0.596961  0.691981 0.233161
0.459157 0.250248  0.485137 0.248157
0.446590 0.246119  0.496915 0.241985
0.419784 0.235808  0.521229 0.226791
0.433403 0.240842  0.508993 0.234929
0.405852 0.231367  0.533550 0.218899
0.363949 0.244647  0.581409 0.231503
0.391399 0.227441  0.545854 0.211048
0.170942 0.586096  0.854427 0.686099
0.218935 0.615433  0.668088 0.220113
0.246946 0.650497  0.645021 0.206826
0.241254 0.634355  0.645021 0.206826
0.269142 0.693356  0.794513 0.550911
0.267206 0.681479  0.805334 0.560603
0.262783 0.667647  0.817598 0.559863
0.566155 0.665583  0.783893 0.541668
0.570023 0.652066  0.773805 0.530822
0.572687 0.640496  0.159438 0.376306
0.212480 0.602655  0.679656 0.226916
0.248782 0.782592  0.309851 0.615318
0.244931 0.798748  0.683003 0.524973
0.237760 0.814267  0.591136 0.239443
0.286573 0.814614  0.724246 0.513560
0.351045 0.241587  0.590596 0.224126
0.591422 0.617133  0.724246 0.513560
0.582206 0.621809  0.154011 0.404297
0.370177 0.234641  0.557687 0.217894
0.376393 0.224830  0.557687 0.217894
0.069633 0.561540  0.833911 0.274490
0.081784 0.562697  0.811185 0.271117
0.058061 0.560339  0.833911 0.274490
0.095286 0.564323  0.796676 0.275090
0.110268 0.567523  0.786671 0.264009
0.125434 0.570878  0.756081 0.263843
0.140382 0.575642  0.740854 0.261771
0.155218 0.581430  0.725398 0.258443
0.179761 0.577912  0.748564 0.274838
0.194078 0.582887  0.699072 0.226015
0.233631 0.619110  0.668088 0.220113
0.258859 0.652641  0.618688 0.207252
0.573711 0.626887  0.156342 0.390053
0.476540 0.765220  0.691981 0.233161
0.458029 0.238273  0.483079 0.236161
0.444789 0.231575  0.495395 0.227974
0.417379 0.220937  0.520778 0.211720
0.431185 0.225964  0.508099 0.219669
0.403005 0.216273  0.533474 0.203849
0.358673 0.230844  0.581628 0.216378
0.387962 0.212000  0.545854 0.211048
0.164835 0.573644  0.765048 0.276885
0.225838 0.606714  0.668088 0.220113
0.253754 0.637241  0.630331 0.214376
0.248055 0.621809  0.645021 0.206826
0.552859 0.679894  0.807785 0.549090
0.556152 0.667600  0.797070 0.540415
0.274215 0.669193  0.819887 0.548405
0.848165 0.400893  0.611367 0.187221
0.559267 0.653217  0.167155 0.349857
0.561836 0.633252  0.159438 0.376306
0.481028 0.752433  0.679656 0.226916
0.258493 0.798371  0.684932 0.514686
0.262168 0.783604  0.156435 0.468709
0.251048 0.814222  0.590596 0.224126
0.593841 0.602218  0.165341 0.460237
0.345304 0.227757  0.542432 0.071984
0.582412 0.605841  0.151430 0.417814
0.572515 0.611621  0.142756 0.396986
0.365183 0.221159  0.566259 0.209479
0.372557 0.210456  0.514634 0.106361
0.068834 0.549754  0.837882 0.260340
0.080088 0.550769  0.829011 0.252012
0.092580 0.552090  0.815895 0.257289
0.106414 0.554125  0.791523 0.250534
0.121333 0.557379  0.776614 0.252606
0.136432 0.561367  0.796676 0.275090
0.151156 0.566941  0.781319 0.276756
0.456054 0.778126  0.699072 0.226015
0.174290 0.565069  0.724886 0.237440
0.461720 0.767773  0.699072 0.226015
0.240125 0.609275  0.656057 0.213602
0.848572 0.416476  0.621139 0.193993
0.561351 0.618509  0.145026 0.382495
0.467171 0.755469  0.687067 0.219780
0.456648 0.223035  0.482035 0.221241
0.443217 0.216675  0.494770 0.212671
0.415378 0.206009  0.520568 0.196568
0.429498 0.211122  0.507618 0.204505
0.400736 0.200799  0.503238 0.128832
0.353479 0.217419  0.528001 0.085454
0.370637 0.199905  0.514634 0.106361
0.160518 0.559168  0.771200 0.264892
0.485519 0.742807  0.668088 0.220113
0.848165 0.431997  0.632398 0.200903
0.252990 0.611685  0.645021 0.206826
0.543211 0.676483  0.823052 0.536970
0.546126 0.670467  0.810368 0.538315
0.550111 0.656116  0.310371 0.829120
0.281090 0.657861  0.241449 0.329633
0.276847 0.642976  0.603261 0.180579
0.552318 0.639471  0.124872 0.337393
0.551025 0.624189  0.124872 0.337393
0.472805 0.743138  0.668088 0.220113
0.385357 0.194547  0.501104 0.113803
0.272387 0.798462  0.146520 0.478693
0.264494 0.814380  0.146520 0.478693
0.276218 0.784605  0.129819 0.462731
0.277951 0.771253  0.125564 0.434594
0.339470 0.214010  0.528979 0.068791
0.569422 0.595635  0.140481 0.411414
0.558060 0.603728  0.142756 0.396986
0.360679 0.208269  0.514800 0.079289
0.851896 0.239466  0.841002 0.246030
0.862822 0.232559  0.831806 0.237475
0.090399 0.540351  0.819816 0.242739
0.103156 0.541841  0.799185 0.222039
0.117440 0.544339  0.788334 0.211521
0.132334 0.547709  0.801698 0.261482
0.146917 0.552815  0.786671 0.264009
0.182986 0.558046  0.725153 0.205579
0.446816 0.769800  0.704210 0.190083
0.170224 0.551301  0.749078 0.209864
0.452247 0.757684  0.692953 0.183217
0.917938 0.945045  0.205709 0.921615
0.272811 0.629061  0.623506 0.180818
0.547466 0.610678  0.122554 0.350114
0.458563 0.745000  0.692953 0.183217
0.455552 0.207888  0.481469 0.205882
0.442019 0.201846  0.494312 0.197476
0.428150 0.196398  0.507285 0.189363
0.413810 0.191053  0.490530 0.137089
0.399259 0.185328  0.488751 0.122708
0.581242 0.586124  0.125564 0.434594
0.348863 0.204131  0.133327 0.477411
0.358176 0.195020  0.501049 0.087195
0.370003 0.187105  0.487901 0.094865
0.156701 0.545180  0.776614 0.252606
0.255358 0.903986  0.215465 0.915979
0.265810 0.615027  0.633348 0.187683
0.485693 0.724927  0.205709 0.921615
0.532836 0.674874  0.130420 0.306087
0.539987 0.659373  0.127522 0.322813
0.541512 0.644244  0.127522 0.322813
0.521749 0.685867  0.617339 0.236735
0.284414 0.632225  0.614734 0.173420
0.540601 0.629765  0.124872 0.337393
0.537392 0.616616  0.110505 0.342729
0.465341 0.735333  0.215465 0.915979
0.384233 0.178934  0.300145 0.785149
0.278476 0.814614  0.120743 0.471712
0.286609 0.798831  0.120743 0.471712
0.290512 0.784607  0.116973 0.457405
0.591807 0.579239  0.113937 0.443740
0.333731 0.200087  0.517534 0.060506
0.554868 0.588690  0.140481 0.411414
0.566972 0.580056  0.126551 0.419041
0.543309 0.596859  0.142756 0.396986
0.853324 0.225613  0.831806 0.237475
0.863728 0.218601  0.822267 0.227780
0.100895 0.530653  0.812797 0.217323
0.113984 0.532513  0.819816 0.242739
0.128285 0.535433  0.805986 0.247066
0.142678 0.539859  0.791523 0.250534
0.179590 0.544055  0.740189 0.184447
0.192099 0.551277  0.716326 0.182358
0.204390 0.558826  0.704803 0.175030
0.167072 0.536928  0.763094 0.205445
0.216397 0.566917  0.681476 0.176456
0.503551 0.706888  0.623506 0.180818
0.533055 0.603677  0.122554 0.350114
0.228223 0.574923  0.670415 0.184826
0.454712 0.192950  0.480997 0.190720
0.441001 0.187076  0.493922 0.182387
0.427043 0.181566  0.477698 0.145394
0.412804 0.175975  0.476937 0.131676
0.398262 0.170141  0.476763 0.118237
0.577296 0.573482  0.112482 0.429096
0.346308 0.189975  0.503008 0.071238
0.356560 0.180818  0.489028 0.077928
0.368517 0.171732  0.474873 0.087468
0.791523 0.250534  0.124792 0.524081
0.153672 0.530448  0.774154 0.215663
0.471343 0.724168  0.205709 0.921615
0.488776 0.712916  0.633348 0.187683
0.521390 0.671352  0.594629 0.221292
0.722380 0.422568  0.115140 0.314860
0.532661 0.648467  0.115140 0.314860
0.530666 0.634842  0.112462 0.329549
0.507092 0.694362  0.598109 0.192987
0.527376 0.622377  0.112462 0.329549
0.523115 0.609584  0.122554 0.350114
0.457742 0.726498  0.660084 0.178012
0.382963 0.163604  0.461589 0.094705
0.292475 0.814548  0.512165 0.045558
0.299669 0.798718  0.107527 0.466588
0.602845 0.568703  0.103712 0.452003
0.587850 0.565074  0.100042 0.439035
0.330599 0.184824  0.498379 0.045577
0.551886 0.574363  0.126551 0.419041
0.539746 0.582439  0.723764 0.795413
0.563497 0.567226  0.112482 0.429096
0.528976 0.590216  0.715961 0.786584
0.853517 0.211640  0.828704 0.210948
0.111864 0.522101  0.822267 0.227780
0.124792 0.524081  0.809567 0.232380
0.138981 0.526816  0.795621 0.236535
0.809567 0.232380  0.853175 0.197627
0.795621 0.236535  0.122005 0.514446
0.176433 0.530039  0.753732 0.179368
0.189510 0.536810  0.728976 0.174848
0.202807 0.543951  0.728976 0.174848
0.215706 0.551577  0.692953 0.183217
0.163395 0.523776  0.765451 0.190974
0.226913 0.560240  0.681476 0.176456
0.893312 0.912850  0.196738 0.910891
0.491540 0.700286  0.611367 0.187221
0.508011 0.679606  0.618688 0.207252
0.517559 0.596473  0.715961 0.786584
0.237719 0.569223  0.670071 0.169760
0.453980 0.178081  0.466932 0.169281
0.440167 0.172308  0.465793 0.154597
0.426343 0.166844  0.465491 0.140855
0.411933 0.161278  0.464674 0.126760
0.397289 0.155401  0.448862 0.102337
0.573126 0.560101  0.255358 0.916487
0.345509 0.175766  0.492745 0.059591
0.356450 0.166498  0.476104 0.074557
0.368501 0.157169  0.462088 0.079418
0.781115 0.239878  0.134968 0.515726
0.149127 0.519164  0.791254 0.196666
0.886199 0.907824  0.196738 0.910891
0.476115 0.703251  0.623506 0.180818
0.509051 0.663879  0.611367 0.187221
0.521688 0.655541  0.115140 0.314860
0.520863 0.640222  0.115140 0.314860
0.517848 0.627620  0.112462 0.329549
0.493358 0.686774  0.632398 0.200903
0.513362 0.615762  0.124872 0.337393
0.508151 0.603089  0.122554 0.350114
0.450834 0.718260  0.658639 0.162968
0.383026 0.149412  0.461589 0.094705
0.623618 0.549521  0.094007 0.461069
0.612638 0.556440  0.094007 0.461069
0.597945 0.553985  0.090042 0.445578
0.583632 0.549741  0.244208 0.916031
0.332659 0.168702  0.483891 0.047585
0.536910 0.566942  0.716609 0.808145
0.549256 0.561486  0.101447 0.414566
0.527345 0.575892  0.709754 0.797404
0.558579 0.555028  0.089675 0.418877
0.520241 0.583008  0.709754 0.797404
0.853175 0.197627  0.828704 0.210948
0.187026 0.522142  0.742146 0.166581
0.173087 0.516373  0.767337 0.176880
0.199290 0.530277  0.742146 0.166581
0.212946 0.537183  0.704803 0.175030
0.225520 0.545369  0.692728 0.168250
0.158712 0.512206  0.779462 0.186618
0.431588 0.737568  0.680997 0.161567
0.891049 0.896379  0.649171 0.171196
0.478532 0.690435  0.205709 0.921615
0.494839 0.671428  0.621139 0.193993
0.488855 0.916796  0.109059 0.354359
0.437853 0.724407  0.668998 0.154888
0.439494 0.157769  0.452549 0.149105
0.425230 0.152986  0.451681 0.135143
0.410897 0.148753  0.450859 0.120419
0.396927 0.142670  0.448862 0.102337
0.568469 0.545857  0.089675 0.418877
0.348038 0.161980  0.478671 0.061991
0.355380 0.150543  0.464378 0.065059
0.369778 0.144120  0.448298 0.085009
0.144416 0.509357  0.793704 0.181536
0.463431 0.691617  0.259058 0.284227
0.509005 0.647810  0.141948 0.315319
0.495863 0.656011  0.611367 0.187221
0.507385 0.633647  0.225236 0.349109
0.504446 0.621224  0.112462 0.329549
0.480660 0.676744  0.633348 0.187683
0.499188 0.609203  0.112462 0.329549
0.479057 0.928479  0.110505 0.342729
0.443441 0.710595  0.657309 0.148059
0.383734 0.135736  0.490530 0.137089
0.606354 0.543115  0.090042 0.445578
0.594433 0.535056  0.244208 0.916031
0.579031 0.533980  0.532408 0.142812
0.321814 0.156119  0.475304 0.035679
0.338331 0.154843  0.468646 0.050210
0.543200 0.552479  0.114528 0.410105
0.500502 0.879637  0.096451 0.370330
0.492002 0.892450  0.096451 0.370330
0.551833 0.542274  0.232071 0.916784
0.483296 0.904888  0.096480 0.357980
0.842621 0.189658  0.830873 0.195555
0.862522 0.170991  0.805179 0.191694
0.802467 0.207082  0.852792 0.171781
0.182180 0.509775  0.770381 0.149687
0.395920 0.774437  0.729095 0.158510
0.167966 0.504802  0.783144 0.157628
0.208644 0.524348  0.716505 0.151256
0.410308 0.753596  0.704884 0.145003
0.417071 0.741175  0.693755 0.139070
0.153432 0.501351  0.795597 0.166453
0.423485 0.728372  0.681237 0.132251
0.466189 0.680333  0.633348 0.187683
0.448418 0.697246  0.636897 0.164606
0.482071 0.662665  0.623506 0.180818
0.474633 0.917281  0.310251 0.674605
0.429320 0.715366  0.668741 0.140079
0.423881 0.141538  0.437755 0.130023
0.409878 0.136535  0.465491 0.140855
0.397269 0.128696  0.476937 0.131676
0.562385 0.531463  0.232071 0.916784
0.356595 0.136389  0.517819 0.135801
0.371926 0.127707  0.503238 0.128832
0.854669 0.159536  0.807383 0.176272
0.452288 0.684323  0.196738 0.910891
0.495520 0.641453  0.154844 0.308624
0.482526 0.649130  0.614734 0.173420
0.493603 0.628386  0.210705 0.352264
0.490978 0.616374  0.210705 0.352264
0.469011 0.666765  0.623506 0.180818
0.471462 0.941882  0.196954 0.370581
0.466323 0.930123  0.124872 0.337393
0.434057 0.702107  0.646154 0.141233
0.386102 0.119967  0.300145 0.785149
0.587364 0.520467  0.532408 0.142812
0.574027 0.519506  0.531004 0.127749
0.331345 0.144660  0.548041 0.149508
0.343893 0.141430  0.532408 0.142812
0.494509 0.867388  0.700651 0.816944
0.485830 0.880040  0.700651 0.816944
0.476620 0.892170  0.084836 0.363110
0.488369 0.856174  0.241712 0.903203
0.469807 0.905810  0.084562 0.350659
0.842742 0.175395  0.820320 0.170954
0.852792 0.171781  0.818794 0.186249
0.791254 0.196666  0.843828 0.161678
0.380395 0.775202  0.742994 0.150444
0.387661 0.765151  0.729909 0.143140
0.848534 0.135822  0.797139 0.151789
0.394989 0.755565  0.717622 0.136501
0.402027 0.743465  0.705940 0.130535
0.408891 0.731284  0.693475 0.124173
0.846667 0.148104  0.809133 0.161031
0.415183 0.718394  0.680786 0.117620
0.455515 0.671266  0.633348 0.187683
0.438328 0.689122  0.649171 0.171196
0.470351 0.654180  0.614734 0.173420
0.462070 0.918852  0.109059 0.354359
0.419972 0.705471  0.657137 0.133184
0.424476 0.122615  0.450859 0.120419
0.410700 0.123819  0.464674 0.126760
0.399649 0.113885  0.474895 0.102751
0.487565 0.834541  0.686055 0.348365
0.483255 0.845372  0.686055 0.348365
0.344209 0.127483  0.531004 0.127749
0.359133 0.124071  0.516130 0.120795
0.376199 0.108790  0.489028 0.077928
0.819301 0.609866  0.682647 0.240447
0.843828 0.161678  0.820320 0.170954
0.443382 0.676797  0.636897 0.164606
0.482113 0.635536  0.244852 0.315955
0.469294 0.641613  0.606094 0.165722
0.480414 0.622886  0.154844 0.308624
0.482608 0.608062  0.141948 0.315319
0.460374 0.657797  0.614734 0.173420
0.458155 0.943133  0.127522 0.322813
0.453640 0.931752  0.110505 0.342729
0.423961 0.692988  0.657309 0.148059
0.389212 0.103201  0.474873 0.087468
0.583876 0.509042  0.915336 0.917979
0.596463 0.509389  0.546432 0.134277
0.479917 0.822159  0.915336 0.917979
0.480699 0.868893  0.700651 0.816944
0.473512 0.882126  0.688829 0.827647
0.573538 0.919698  0.709754 0.797404
0.477335 0.858030  0.699911 0.833266
0.458471 0.907990  0.096480 0.357980
0.363110 0.112159  0.501049 0.087195
0.779462 0.186618  0.365013 0.773069
0.365013 0.773069  0.757268 0.142596
0.372156 0.764418  0.744110 0.135714
0.357759 0.781198  0.770381 0.149687
0.379477 0.754855  0.731170 0.128867
0.386801 0.744242  0.718827 0.122766
0.394065 0.732593  0.706313 0.116807
0.401086 0.720048  0.693454 0.110359
0.834739 0.151272  0.822146 0.155829
0.406870 0.707342  0.657137 0.133184
0.447784 0.662682  0.259058 0.284227
0.429103 0.680010  0.646154 0.141233
0.455062 0.649073  0.247307 0.287563
0.451100 0.920957  0.310251 0.674605
0.407820 0.695139  0.681237 0.132251
0.413681 0.109217  0.462271 0.111011
0.403256 0.098389  0.462088 0.079418
0.578875 0.859980  0.686055 0.348365
0.568442 0.868873  0.697486 0.357419
0.347421 0.115106  0.514800 0.079289
0.331116 0.116816  0.340095 0.039283
0.368741 0.099062  0.503008 0.071238
0.378887 0.090330  0.466434 0.024239
0.822050 0.596021  0.668088 0.220113
0.434648 0.666792  0.635571 0.149314
0.471635 0.628773  0.233242 0.305817
0.309929 0.912958  0.235175 0.291560
0.472856 0.614565  0.144353 0.299374
0.449629 0.955855  0.130420 0.306087
0.447168 0.945789  0.112462 0.329549
0.920443 0.917697  0.097852 0.334993
0.413895 0.682195  0.657137 0.133184
0.428950 0.104557  0.448862 0.102337
0.392731 0.086387  0.464378 0.065059
0.471611 0.809193  0.915336 0.917979
0.468237 0.821673  0.915336 0.917979
0.569266 0.895256  0.687787 0.844281
0.565036 0.907703  0.096451 0.370330
0.560786 0.918978  0.084836 0.363110
0.559363 0.882261  0.700928 0.848224
0.558373 0.928477  0.084562 0.350659
0.354030 0.102190  0.286469 0.952450
0.809133 0.161031  0.824133 0.141219
0.795597 0.166453  0.825563 0.127794
0.350012 0.769896  0.771704 0.135654
0.356923 0.762082  0.758480 0.128626
0.364141 0.753263  0.745229 0.121885
0.825563 0.127794  0.784625 0.143296
0.371649 0.743083  0.732201 0.115492
0.379130 0.732296  0.719443 0.109730
0.386889 0.720902  0.706466 0.103518
0.394908 0.707984  0.668187 0.125286
0.440717 0.653584  0.625066 0.142086
0.420066 0.669142  0.646154 0.141233
0.446727 0.639861  0.237107 0.277268
0.110362 0.826243  0.312417 0.659952
0.398323 0.683047  0.668187 0.125286
0.417829 0.094108  0.448298 0.085009
0.407579 0.082973  0.450484 0.069470
0.568151 0.854615  0.529202 0.818018
0.555859 0.863595  0.697486 0.357419
0.337799 0.103349  0.340095 0.039283
0.361694 0.089677  0.463355 0.001564
0.383855 0.074553  0.449746 0.026227
0.824340 0.583509  0.668088 0.220113
0.390002 0.695844  0.680786 0.117620
0.426400 0.656492  0.634698 0.134347
0.464107 0.620432  0.233242 0.305817
0.450731 0.624946  0.225430 0.281379
0.445310 0.970278  0.133153 0.288914
0.686055 0.426898  0.118914 0.295586
0.106085 0.851157  0.099874 0.321068
0.101019 0.838650  0.085261 0.326024
0.405292 0.670808  0.655730 0.118418
0.397019 0.070114  0.442528 0.039846
0.465590 0.793037  0.340095 0.039283
0.457414 0.809167  0.539310 0.806150
0.456571 0.822981  0.529202 0.818018
0.554744 0.896624  0.700651 0.816944
0.550568 0.909160  0.700651 0.816944
0.548649 0.917170  0.679886 0.818018
0.546210 0.873315  0.703941 0.862261
0.547474 0.926342  0.071989 0.343013
0.813162 0.119155  0.785848 0.129544
0.343093 0.757289  0.772812 0.122195
0.349458 0.749850  0.759529 0.115410
0.356729 0.740923  0.746101 0.108893
0.812279 0.132157  0.798547 0.137543
0.364608 0.730309  0.732801 0.102929
0.372590 0.719354  0.742994 0.150444
0.380864 0.708156  0.680786 0.117620
0.432356 0.643239  0.614449 0.135014
0.411881 0.658594  0.644734 0.126386
0.436708 0.627861  0.227334 0.267213
0.097651 0.826810  0.312275 0.645068
0.383036 0.682837  0.680545 0.103661
0.390368 0.671011  0.667905 0.110835
0.422868 0.079526  0.437379 0.075155
0.412681 0.068349  0.435682 0.053209
0.556966 0.850896  0.529202 0.818018
0.543789 0.887481  0.699911 0.833266
0.542812 0.854795  0.920443 0.887771
0.374952 0.694787  0.693454 0.110359
0.418800 0.646872  0.287522 0.949521
0.454715 0.610584  0.059931 0.867736
0.443090 0.615035  0.059931 0.867736
0.105151 0.876541  0.059931 0.867736
0.096705 0.863578  0.056464 0.855235
0.091710 0.851353  0.074698 0.302546
0.087724 0.839270  0.072492 0.317022
0.397295 0.659927  0.655123 0.103856
0.402333 0.054816  0.393124 0.038940
0.451483 0.793035  0.328204 0.049407
0.445310 0.810559  0.539310 0.806150
0.559783 0.838489  0.543235 0.819561
0.540163 0.899845  0.699911 0.833266
0.538321 0.906991  0.688829 0.827647
0.538197 0.914394  0.677858 0.829469
0.532347 0.881809  0.712386 0.838315
0.534121 0.867394  0.713258 0.363942
0.727002 0.969191  0.059830 0.333763
0.800123 0.111335  0.786645 0.116464
0.799971 0.099023  0.773334 0.109450
0.342895 0.736609  0.759853 0.102945
0.350530 0.727174  0.758480 0.128626
0.358628 0.716743  0.744110 0.135714
0.366609 0.706101  0.693466 0.096984
0.427330 0.636846  0.611394 0.120240
0.404441 0.648908  0.630779 0.104571
0.099775 0.915668  0.905702 0.420017
0.086809 0.828578  0.059830 0.333763
0.368679 0.681340  0.693466 0.096984
0.375650 0.670983  0.680311 0.089758
0.382634 0.660443  0.667467 0.096532
0.544846 0.843662  0.534602 0.831879
0.528605 0.893680  0.700928 0.848224
0.530401 0.852053  0.909735 0.881377
0.360896 0.692338  0.706469 0.090692
0.412053 0.637581  0.619865 0.112555
0.097834 0.890034  0.059931 0.867736
0.421269 0.628404  0.218296 0.256953
0.092109 0.903611  0.905702 0.420017
0.090983 0.877486  0.059931 0.867736
0.084165 0.864711  0.056464 0.855235
0.079447 0.852578  0.056464 0.855235
0.473659 0.547835  0.167155 0.349857
0.389886 0.650317  0.642428 0.096718
0.559475 0.823079  0.543235 0.819561
0.731622 0.940187  0.687787 0.844281
0.723600 0.951109  0.676689 0.841239
0.717945 0.960641  0.667202 0.838485
0.514568 0.890448  0.714948 0.851962
0.521986 0.877982  0.718422 0.865349
0.524426 0.863600  0.718355 0.377490
0.872649 0.340788  0.048877 0.337806
0.786374 0.091961  0.773305 0.097217
0.337418 0.722465  0.759529 0.115410
0.345100 0.712882  0.719443 0.109730
0.353243 0.702655  0.706469 0.090692
0.111990 0.952536  0.630779 0.104571
0.093996 0.929875  0.893993 0.415999
0.088777 0.917350  0.905702 0.420017
0.476687 0.533362  0.730281 0.785505
0.355120 0.678413  0.706315 0.077986
0.361163 0.670247  0.693358 0.083733
0.367928 0.661091  0.680048 0.075356
0.375167 0.651297  0.654368 0.089020
0.725805 0.928117  0.690099 0.858952
0.855072 0.872768  0.906599 0.866310
0.347886 0.688475  0.719441 0.084686
0.103247 0.941132  0.618379 0.097489
0.082975 0.891169  0.874216 0.357930
0.081023 0.905070  0.905702 0.420017
0.078453 0.878783  0.059931 0.867736
0.072606 0.866508  0.056464 0.855235
0.463106 0.552659  0.056464 0.855235
0.066317 0.842863  0.461485 0.528355
0.383355 0.640912  0.640695 0.081769
0.543235 0.819561  0.103712 0.452003
0.920443 0.887771  0.693719 0.377007
0.716691 0.938992  0.677558 0.855503
0.709783 0.949531  0.667302 0.852106
0.704347 0.958893  0.716609 0.808145
0.717296 0.915296  0.694285 0.873655
0.894594 0.863874  0.728190 0.854272
0.882293 0.874079  0.729941 0.868192
0.867740 0.881349  0.733495 0.383224
0.477908 0.518567  0.709754 0.797404
0.325397 0.716557  0.759853 0.102945
0.332336 0.708016  0.732801 0.102929
0.340088 0.698591  0.719441 0.084686
0.392501 0.631159  0.616021 0.082873
0.409398 0.611261  0.893993 0.415999
0.401815 0.622296  0.925400 0.446889
0.417003 0.599603  0.905702 0.420017
0.470108 0.523864  0.715961 0.786584
0.341972 0.674920  0.719056 0.072746
0.347774 0.667045  0.693184 0.069778
0.353208 0.660535  0.693184 0.069778
0.360217 0.651736  0.666964 0.066445
0.368190 0.640557  0.667905 0.110835
0.872886 0.920966  0.729522 0.369435
0.865726 0.908539  0.878592 0.935105
0.529202 0.818018  0.244208 0.916031
0.709436 0.926525  0.680506 0.870367
0.723838 0.903561  0.708485 0.876550
0.854427 0.884882  0.878592 0.935105
0.918155 0.872402  0.703227 0.370858
0.335085 0.684347  0.732247 0.079165
0.439169 0.584486  0.440071 0.562164
0.425067 0.587987  0.905702 0.420017
0.066090 0.880556  0.445852 0.547511
0.059931 0.867736  0.445852 0.547511
0.056464 0.855235  0.450343 0.532562
0.377337 0.629373  0.655730 0.118418
0.517515 0.815929  0.241712 0.903203
0.702098 0.937453  0.712386 0.838315
0.696288 0.947418  0.712050 0.823347
0.691397 0.956599  0.716609 0.808145
0.708196 0.902078  0.700347 0.888155
0.701301 0.913555  0.703941 0.862261
0.730053 0.891613  0.718422 0.865349
0.893781 0.877022  0.741484 0.869808
0.880667 0.886217  0.735594 0.397205
0.866422 0.894136  0.729522 0.369435
0.469549 0.510317  0.723764 0.795413
0.320949 0.701915  0.745848 0.085053
0.327880 0.693387  0.732247 0.079165
0.387144 0.620461  0.644734 0.126386
0.396152 0.610858  0.893993 0.415999
0.401249 0.603013  0.893993 0.415999
0.299669 0.754480  0.905702 0.420017
0.461398 0.514053  0.715961 0.786584
0.328718 0.672540  0.718877 0.060109
0.333892 0.665177  0.706154 0.064817
0.822786 0.423896  0.706315 0.077986
0.345335 0.650743  0.693358 0.083733
0.354553 0.642555  0.680311 0.089758
0.361885 0.625669  0.693454 0.110359
0.725470 0.355407  0.745746 0.374816
0.694580 0.924434  0.700928 0.848224
0.323194 0.679318  0.731532 0.067776
0.432551 0.575219  0.431493 0.551211
0.299813 0.739552  0.897765 0.406955
0.440071 0.562164  0.445852 0.547511
0.445852 0.547511  0.450343 0.532562
0.351133 0.632430  0.706469 0.090692
0.372078 0.617431  0.693475 0.124173
0.709288 0.349730  0.733495 0.383224
0.688215 0.935257  0.699911 0.833266
0.683315 0.944977  0.688829 0.827647
0.468542 0.497294  0.096451 0.370330
0.692912 0.899924  0.694285 0.873655
0.686823 0.911065  0.690099 0.858952
0.877371 0.896379  0.735594 0.397205
0.460621 0.501393  0.096480 0.357980
0.382417 0.608230  0.893993 0.415999
0.392960 0.595571  0.893993 0.415999
0.402180 0.582822  0.897765 0.406955
0.451655 0.503475  0.109059 0.354359
0.731566 0.041971  0.718877 0.060109
0.731222 0.028873  0.706154 0.064817
0.329756 0.645228  0.719056 0.072746
0.338665 0.637089  0.706469 0.090692
0.975233 0.542709  0.706466 0.103518
0.680749 0.921840  0.687787 0.844281
0.425048 0.565216  0.431493 0.551211
0.410272 0.569523  0.897765 0.406955
0.431493 0.551211  0.436229 0.536457
0.975391 0.557065  0.706469 0.090692
0.976523 0.513271  0.917451 0.439640
0.697486 0.357419  0.722071 0.391575
0.675168 0.932442  0.688829 0.827647
0.670852 0.942520  0.084836 0.363110
0.460331 0.491772  0.096480 0.357980
0.679566 0.896655  0.680506 0.870367
0.674033 0.907540  0.677558 0.855503
0.451823 0.491075  0.084562 0.350659
0.605422 0.213634  0.422914 0.540655
0.657137 0.133184  0.977601 0.498598
0.977601 0.498598  0.893993 0.415999
0.383629 0.585880  0.893993 0.415999
0.392516 0.573705  0.897765 0.406955
0.441959 0.492640  0.084562 0.350659
0.314710 0.644055  0.706154 0.064817
0.975870 0.570934  0.706469 0.090692
0.963460 0.519644  0.918959 0.307067
0.703227 0.370858  0.708364 0.385681
0.667630 0.918654  0.676689 0.841239
0.607705 0.199913  0.422914 0.540655
0.417494 0.555447  0.422914 0.540655
0.401955 0.558884  0.905038 0.396091
0.977075 0.583677  0.706315 0.077986
0.964764 0.504671  0.918786 0.321518
0.662793 0.929658  0.677858 0.829469
0.453348 0.480204  0.084562 0.350659
0.667983 0.892903  0.670203 0.866885
0.661180 0.904057  0.667302 0.852106
0.442947 0.479824  0.071989 0.343013
0.966978 0.489628  0.917683 0.335697
0.970242 0.475816  0.893993 0.415999
0.391352 0.561480  0.905038 0.396091
0.431772 0.482074  0.018465 0.264644
0.707473 0.050370  0.708314 0.023184
0.708480 0.009423  0.694358 0.055248
0.949611 0.526117  0.328737 0.869084
0.951144 0.511068  0.291420 0.908439
0.693719 0.377007  0.089675 0.418877
0.656295 0.915225  0.667202 0.838485
0.598109 0.192987  0.415878 0.514593
0.408740 0.544787  0.413109 0.529708
0.383966 0.568215  0.897765 0.406955
0.394271 0.548958  0.898989 0.381906
0.419184 0.485355  0.050760 0.281904
0.965281 0.588814  0.693184 0.069778
0.952972 0.496590  0.918786 0.321518
0.244208 0.916031  0.255358 0.916487
0.444129 0.468311  0.060961 0.346781
0.655834 0.889329  0.659225 0.863180
0.651100 0.900396  0.657691 0.848539
0.432691 0.470488  0.059830 0.333763
0.957861 0.476169  0.917683 0.335697
0.929792 0.407825  0.905898 0.356865
0.883802 0.421350  0.898989 0.381906
0.420450 0.472418  0.050760 0.281904
0.695539 0.041222  0.697230 0.027526
0.698237 0.014033  0.681941 0.046038
0.936961 0.517569  0.342009 0.866368
0.935944 0.532844  0.334332 0.894979
0.938258 0.503206  0.291736 0.894160
0.646790 0.911581  0.048877 0.337806
0.432815 0.465669  0.059830 0.333763
0.953803 0.490492  0.917683 0.335697
0.920787 0.397258  0.882760 0.362230
0.386759 0.539203  0.898989 0.381906
0.405867 0.489448  0.054623 0.267092
0.407030 0.475922  0.041110 0.271292
0.953892 0.594588  0.680787 0.060379
0.940712 0.489502  0.291420 0.908439
0.646298 0.885635  0.649109 0.859524
0.642539 0.896670  0.648259 0.844651
0.635699 0.918117  0.018229 0.279242
0.654368 0.089020  0.612869 0.021566
0.922322 0.419602  0.893404 0.350832
0.946781 0.475189  0.893778 0.336201
0.913032 0.409151  0.895111 0.366706
0.379404 0.540468  0.898989 0.381906
0.407965 0.464220  0.037568 0.286007
0.681941 0.046038  0.687247 0.018401
0.924095 0.523564  0.351292 0.878174
0.925427 0.508102  0.357748 0.848763
0.923172 0.540242  0.323008 0.897691
0.925565 0.494101  0.360477 0.834092
0.923581 0.556989  0.363085 0.875151
0.638397 0.907743  0.648259 0.844651
0.388766 0.523592  0.895111 0.366706
0.905038 0.396091  0.898989 0.381906
0.373448 0.527865  0.895111 0.366706
0.393779 0.479358  0.045074 0.256553
0.394769 0.466761  0.041110 0.271292
0.943086 0.601457  0.605545 0.828663
0.926489 0.584532  0.604392 0.855485
0.929646 0.478748  0.271233 0.896102
0.638882 0.881981  0.228136 0.956877
0.633038 0.893384  0.035604 0.315416
0.408306 0.455075  0.018229 0.279242
0.653065 0.073993  0.620382 0.014873
0.618379 0.097489  0.594478 0.022326
0.608192 0.105480  0.930332 0.909250
0.938233 0.459421  0.882077 0.345966
0.905702 0.420017  0.882760 0.362230
0.897765 0.406955  0.886307 0.377913
0.918342 0.363212  0.895111 0.366706
0.395159 0.456937  0.027309 0.275361
0.669311 0.036177  0.674341 0.022883
0.946449 0.612657  0.605545 0.828663
0.929233 0.597189  0.605012 0.842097
0.911989 0.529873  0.369969 0.845175
0.912684 0.513835  0.351292 0.878174
0.912807 0.499056  0.369969 0.845175
0.911260 0.552507  0.330243 0.904870
0.913117 0.485018  0.374027 0.830439
0.911455 0.566706  0.743373 0.426742
0.912979 0.581152  0.356562 0.903034
0.227334 0.267213  0.354274 0.510496
0.218296 0.256953  0.109763 0.214290
0.377550 0.513224  0.366742 0.489914
0.916659 0.349419  0.906304 0.328473
0.382571 0.458423  0.018465 0.264644
0.932942 0.609630  0.605012 0.842097
0.915144 0.593999  0.084760 0.084426
0.911624 0.541190  0.334332 0.894979
0.915039 0.471176  0.378237 0.816063
0.629650 0.878710  0.025397 0.305035
0.395484 0.448109  0.018229 0.279242
0.626852 0.074694  0.625414 0.027976
0.652714 0.057851  0.633479 0.019999
0.616021 0.082873  0.612869 0.021566
0.607060 0.090274  0.930332 0.909250
0.208432 0.246689  0.109763 0.214290
0.920456 0.458813  0.378237 0.816063
0.366532 0.517865  0.366422 0.504022
0.925400 0.446889  0.382588 0.802364
0.893993 0.415999  0.875350 0.373664
0.887793 0.402243  0.883268 0.387649
0.905898 0.356865  0.882760 0.362230
0.924616 0.340563  0.925782 0.326645
0.382562 0.449970  0.018465 0.264644
0.943159 0.252899  0.938026 0.240798
0.950212 0.622859  0.605946 0.814968
0.936308 0.621763  0.605545 0.828663
0.919217 0.607418  0.099445 0.083601
0.898712 0.535143  0.346926 0.892991
0.899550 0.520217  0.379231 0.856625
0.900229 0.505145  0.363085 0.875151
0.900595 0.490245  0.366583 0.860174
0.898827 0.562018  0.056923 0.089239
0.898567 0.548342  0.337872 0.905364
0.901627 0.475510  0.389007 0.827347
0.899847 0.576397  0.366872 0.900810
0.902253 0.591173  0.351522 0.916713
0.215993 0.271292  0.061385 0.214606
0.699298 0.424142  0.109763 0.214290
0.923775 0.619978  0.124163 0.094515
0.905252 0.606035  0.090929 0.072009
0.904327 0.460741  0.389007 0.827347
0.625683 0.059445  0.625414 0.027976
0.613849 0.068079  0.612869 0.021566
0.604561 0.075773  0.930332 0.909250
0.594125 0.083988  0.930332 0.909250
0.711288 0.414530  0.109763 0.214290
0.910248 0.448548  0.393623 0.813674
0.354274 0.510496  0.925782 0.326645
0.917451 0.439640  0.873258 0.383725
0.654975 0.014162  0.937595 0.894535
0.938026 0.240798  0.930511 0.229008
0.951767 0.240405  0.617661 0.808231
0.943004 0.633538  0.927227 0.166688
0.930089 0.636343  0.939171 0.146883
0.910169 0.617575  0.114943 0.082867
0.885824 0.541838  0.020420 0.084905
0.886607 0.527386  0.356562 0.903034
0.887447 0.512519  0.396032 0.894271
0.888002 0.496958  0.374354 0.871625
0.888536 0.481019  0.379231 0.856625
0.886808 0.571621  0.377262 0.911838
0.886051 0.556580  0.346782 0.930365
0.890527 0.465242  0.399187 0.838169
0.889663 0.586662  0.373191 0.924872
0.895470 0.597966  0.359595 0.928266
0.214209 0.285674  0.055510 0.228354
0.212164 0.300417  0.045074 0.256553
0.205840 0.275481  0.083200 0.221386
0.699298 0.411181  0.097278 0.218522
0.357696 0.460627  0.017031 0.239298
0.637678 0.034170  0.633479 0.019999
0.915749 0.630464  0.129168 0.080516
0.895584 0.615287  0.106319 0.072476
0.433151 0.822364  0.404399 0.824309
0.888687 0.604759  0.359595 0.928266
0.613117 0.052717  0.612869 0.021566
0.625569 0.043857  0.625414 0.027976
0.602463 0.061019  0.594478 0.022326
0.591861 0.069258  0.930332 0.909250
0.189115 0.239567  0.123666 0.211495
0.186861 0.254690  0.120033 0.224290
0.423589 0.811967  0.409015 0.812573
0.943583 0.228837  0.935517 0.217946
0.964637 0.234464  0.938776 0.160616
0.941768 0.647964  0.939171 0.146883
0.918591 0.645127  0.844800 0.965095
0.901369 0.626575  0.122452 0.071279
0.872633 0.549802  0.359595 0.928266
0.873948 0.534707  0.363346 0.914656
0.874959 0.519771  0.370179 0.886471
0.875530 0.503958  0.396032 0.894271
0.876196 0.487920  0.389042 0.868311
0.877464 0.471780  0.393966 0.853193
0.873404 0.565068  0.356346 0.941268
0.875419 0.580760  0.386826 0.919798
0.880920 0.456402  0.415329 0.835371
0.880435 0.595261  0.373191 0.924872
0.202805 0.290298  0.073075 0.248691
0.195214 0.279731  0.087725 0.245020
0.186596 0.269338  0.102325 0.241379
0.956839 0.225816  0.930191 0.199392
0.931109 0.653193  0.939171 0.146883
0.906070 0.638463  0.848297 0.947239
0.604864 0.398787  0.844800 0.965095
0.614047 0.409079  0.656238 0.320775
0.623151 0.416992  0.370158 0.937771
0.601924 0.045641  0.594478 0.022326
0.614155 0.037434  0.612869 0.021566
0.591136 0.053912  0.930332 0.909250
0.178991 0.229048  0.141116 0.212075
0.177349 0.243787  0.132880 0.220431
0.174834 0.259055  0.129997 0.233745
0.935517 0.217946  0.926506 0.207376
0.950435 0.215816  0.930191 0.199392
0.617661 0.808231  0.766632 0.812338
0.605946 0.814968  0.938776 0.160616
0.942955 0.662436  0.939171 0.146883
0.920742 0.660586  0.122452 0.071279
0.907674 0.652908  0.848528 0.933802
0.894205 0.632736  0.837111 0.953205
0.862298 0.556767  0.370158 0.937771
0.861474 0.541486  0.373191 0.924872
0.862576 0.526653  0.366872 0.900810
0.864550 0.511483  0.384685 0.883316
0.866270 0.495360  0.399341 0.879435
0.866796 0.479809  0.404186 0.864855
0.424997 0.847983  0.409606 0.850071
0.863949 0.571864  0.395695 0.925693
0.633006 0.424863  0.383766 0.932739
0.188074 0.312731  0.074698 0.302546
0.191376 0.295077  0.083555 0.259046
0.183553 0.284175  0.098592 0.255117
0.173828 0.273896  0.113501 0.251167
0.962100 0.214133  0.765469 0.798669
0.932728 0.668210  0.848297 0.947239
0.896982 0.645565  0.836727 0.939481
0.607616 0.387287  0.641255 0.322502
0.617720 0.395494  0.649738 0.329898
0.627808 0.403949  0.661371 0.334710
0.637608 0.411500  0.381548 0.944874
0.591962 0.038307  0.594478 0.022326
0.167767 0.218844  0.141116 0.212075
0.166980 0.233345  0.132880 0.220431
0.165117 0.248075  0.129997 0.233745
0.162214 0.263628  0.127249 0.247410
0.364237 0.819980  0.291736 0.894160
0.931479 0.283580  0.031560 0.185500
0.618276 0.821933  0.768041 0.826307
0.625467 0.812390  0.768041 0.826307
0.605545 0.828663  0.768939 0.840600
0.909973 0.668446  0.836727 0.939481
0.922845 0.674971  0.848528 0.933802
0.897445 0.660684  0.836349 0.925376
0.143803 0.822968  0.631093 0.331840
0.432970 0.926994  0.383766 0.932739
0.432547 0.938650  0.381548 0.944874
0.432355 0.913977  0.386826 0.919798
0.854427 0.517894  0.381183 0.898099
0.857456 0.503576  0.399341 0.879435
0.427361 0.873854  0.404186 0.864855
0.646758 0.418025  0.394942 0.938657
0.181210 0.298802  0.092574 0.284015
0.171638 0.288869  0.110527 0.265411
0.159671 0.278921  0.124616 0.261652
0.934181 0.682837  0.848528 0.933802
0.145696 0.839464  0.002519 0.828097
0.610603 0.373887  0.631093 0.331840
0.619063 0.382023  0.640905 0.338154
0.630001 0.389784  0.653006 0.344493
0.640689 0.397330  0.664918 0.350340
0.650836 0.404281  0.674630 0.387248
0.155048 0.223749  0.141116 0.212075
0.153693 0.238430  0.142399 0.229055
0.152024 0.252785  0.127249 0.247410
0.149167 0.268345  0.124616 0.261652
0.360477 0.834092  0.294540 0.880472
0.026823 0.170602  0.040153 0.177471
0.774752 0.791863  0.957914 0.183443
0.777267 0.806428  0.604303 0.323474
0.758429 0.831494  0.768939 0.840600
0.618268 0.835108  0.768939 0.840600
0.768041 0.826307  0.021861 0.837336
0.605012 0.842097  0.769565 0.855239
0.913064 0.683793  0.836349 0.925376
0.898272 0.675861  0.836727 0.939481
0.923795 0.689997  0.849647 0.919879
0.146781 0.853827  0.001079 0.840371
0.131833 0.830998  0.617499 0.327865
0.607251 0.362667  0.618510 0.340627
0.420595 0.936056  0.394942 0.938657
0.420701 0.923540  0.395695 0.925693
0.659861 0.410085  0.407086 0.943546
0.420793 0.910517  0.394260 0.909433
0.421085 0.897367  0.396032 0.894271
0.422146 0.885140  0.399341 0.879435
0.294540 0.880472  0.354715 0.863504
0.333610 0.854761  0.354715 0.863504
0.015840 0.146880  0.049662 0.152397
0.026004 0.154101  0.051108 0.167765
0.779039 0.820345  0.021861 0.837336
0.934261 0.697172  0.849647 0.919879
0.132665 0.845770  0.011837 0.826888
0.619055 0.368832  0.630554 0.346608
0.630916 0.375833  0.642498 0.353297
0.642274 0.382930  0.654695 0.359832
0.653409 0.389823  0.665101 0.381229
0.788613 0.798533  0.605601 0.335032
0.791207 0.812856  0.011837 0.826888
0.768939 0.840600  0.162136 0.080120
0.627107 0.837949  0.769565 0.855239
0.617958 0.848152  0.769565 0.855239
0.780415 0.834488  0.021497 0.849858
0.604392 0.855485  0.770141 0.869991
0.899162 0.690824  0.836349 0.925376
0.914969 0.698353  0.836181 0.911119
0.148211 0.868144  0.945919 0.375856
0.926187 0.704817  0.851136 0.906010
0.132997 0.859882  0.001079 0.840371
0.556536 0.954216  0.605601 0.335032
0.122723 0.834138  0.617499 0.327865
0.083555 0.259046  0.087725 0.245020
0.342009 0.866368  0.351292 0.878174
0.328737 0.869084  0.351292 0.878174
0.018198 0.131552  0.334332 0.894979
0.027364 0.138409  0.062673 0.144269
0.037847 0.145526  0.062673 0.144269
0.793391 0.827088  0.010969 0.839558
0.122385 0.847981  0.011837 0.826888
0.781449 0.849096  0.010084 0.852022
0.769565 0.855239  0.174099 0.063124
0.617740 0.861501  0.627690 0.864369
0.795158 0.841729  0.010084 0.852022
0.899798 0.706034  0.836181 0.911119
0.887067 0.699176  0.836181 0.911119
0.916048 0.712512  0.836176 0.897043
0.133553 0.874035  0.001079 0.840371
0.934480 0.721501  0.851317 0.892386
0.122012 0.861703  0.001079 0.840371
0.325689 0.883399  0.334332 0.894979
0.030851 0.124292  0.323008 0.897691
0.039917 0.130783  0.065432 0.126283
0.050701 0.136860  0.062673 0.144269
0.927673 0.717434  0.851136 0.906010
0.112354 0.173113  0.104886 0.186468
0.782341 0.863785  0.837085 0.406594
0.796484 0.856512  0.945919 0.375856
0.770141 0.869991  0.183711 0.058203
0.617444 0.874999  0.627195 0.877636
0.810065 0.848099  0.945919 0.375856
0.899918 0.721855  0.836176 0.897043
0.886916 0.714373  0.836181 0.911119
0.133913 0.888212  0.945919 0.375856
0.918948 0.725248  0.836176 0.897043
0.898790 0.420016  0.850446 0.877901
0.933561 0.871646  0.850446 0.877901
0.044393 0.118671  0.058119 0.114672
0.051932 0.128707  0.065432 0.126283
0.910955 0.730464  0.835114 0.883384
0.118375 0.132623  0.102085 0.107407
0.112007 0.146319  0.095380 0.120398
0.797406 0.871300  0.837085 0.406594
0.782928 0.878530  0.835114 0.883384
0.811433 0.863055  0.837085 0.406594
0.770605 0.884738  0.850446 0.877901
0.899529 0.737724  0.835114 0.883384
0.887184 0.729729  0.836176 0.897043
0.134154 0.901679  0.837085 0.406594
0.921927 0.738493  0.850446 0.877901
0.934425 0.744265  0.850446 0.877901
0.911571 0.745577  0.834093 0.869642
0.104116 0.133080  0.064823 0.100626
0.797492 0.885852  0.836250 0.396551
0.811716 0.877886  0.837085 0.406594
0.783752 0.893002  0.834093 0.869642
0.771756 0.899230  0.850281 0.864087
0.953770 0.356766  0.850281 0.864087
0.616537 0.902034  0.761840 0.918798
0.900084 0.752750  0.834093 0.869642
0.887477 0.744743  0.835114 0.883384
0.134539 0.914731  0.835114 0.883384
0.924704 0.752482  0.850281 0.864087
0.928843 0.420017  0.850281 0.864087
0.913052 0.760073  0.850281 0.864087
0.797555 0.900316  0.834093 0.869642
0.811393 0.892549  0.834093 0.869642
0.784608 0.907480  0.834082 0.856058
0.772567 0.913557  0.851080 0.850445
0.761840 0.918798  0.851080 0.850445
0.940794 0.772529  0.851080 0.850445
0.900986 0.767333  0.834082 0.856058
0.887964 0.759635  0.834093 0.869642
0.134848 0.927127  0.834093 0.869642
0.926940 0.766500  0.851080 0.850445
0.914546 0.774191  0.851080 0.850445
0.810830 0.907044  0.834082 0.856058
0.797509 0.914700  0.834082 0.856058
0.784997 0.921804  0.834470 0.842651
0.773105 0.928050  0.851642 0.836385
0.762206 0.933798  0.851642 0.836385
0.928342 0.780696  0.851642 0.836385
0.888605 0.774779  0.834082 0.856058
0.902122 0.781798  0.834470 0.842651
0.135051 0.939317  0.834082 0.856058
0.915810 0.788546  0.851642 0.836385
0.810226 0.921423  0.834470 0.842651
0.797445 0.929071  0.834470 0.842651
0.785191 0.936200  0.851642 0.836385
0.773200 0.942823  0.850634 0.821912
0.761940 0.949491  0.850634 0.821912
0.929409 0.795118  0.850634 0.821912
0.889825 0.790004  0.834470 0.842651
0.135019 0.951348  0.834470 0.842651
0.903536 0.796435  0.850634 0.821912
0.917055 0.803034  0.850634 0.821912
0.809664 0.935999  0.834470 0.842651
0.797592 0.943743  0.834565 0.829500
0.785581 0.951186  0.850634 0.821912
0.773397 0.958080  0.848250 0.807778
0.930144 0.809913  0.850634 0.821912
0.891436 0.805726  0.834565 0.829500
0.134352 0.963120  0.834565 0.829500
0.905262 0.811268  0.850634 0.821912
0.917945 0.818074  0.848250 0.807778
0.809253 0.950839  0.833146 0.815929
0.797927 0.959273  0.848250 0.807778
0.785839 0.967147  0.848250 0.807778
0.772960 0.973322  0.848250 0.807778
0.930327 0.825275  0.848250 0.807778
0.895063 0.822439  0.848250 0.807778
0.132493 0.974524  0.833146 0.815929
0.906353 0.825981  0.848250 0.807778
0.917930 0.833583  0.844843 0.794381
0.809945 0.966715  0.848250 0.807778
0.799508 0.976584  0.844843 0.794381
0.786258 0.983425  0.844843 0.794381
0.772680 0.987594  0.844843 0.794381
0.930816 0.840759  0.844843 0.794381
0.903973 0.838506  0.844843 0.794381
0.918291 0.847324  0.840937 0.782759
0.786683 1.000000  0.840937 0.782759
