0.240313,0.970696
0.223513,0.974701
0.213711,0.976897
0.258537,0.966001
0.208111,0.978105
0.213279,0.976991
0.266414,0.963859
0.893602,0.44886
0.893602,0.44886
0.893602,0.44886
0.20678,0.978387
0.203384,0.979099
0.937365,-0.348349
0.937365,-0.348349
0.937365,-0.348349
0.204979,0.978766
0.276218,0.961095
0.267988,0.963422
0.893602,0.44886
0.201004,0.97959
0.202625,0.979256
0.200243,0.979746
0.937365,-0.348349
0.202042,0.979377
0.279195,0.960234
0.279062,0.960273
0.275028,0.961436
0.893602,0.44886
0.198978,0.980004
0.198013,0.980199
0.197426,0.980318
0.272244,0.962228
0.273191,0.96196
0.937365,-0.348349
0.198806,0.980039
0.199085,0.979982
0.285938,0.958248
0.286277,0.958147
0.893602,0.44886
0.195623,0.980679
0.196159,0.980572
0.196632,0.980477
0.195215,0.98076
0.273101,0.961985
0.937365,-0.348349
0.19791,0.98022
0.287054,0.957914
0.282285,0.959331
0.288888,0.957363
0.278909,0.960318
0.893602,0.44886
0.193725,0.981056
0.194144,0.980973
0.193687,0.981063
0.193398,0.98112
0.115363,0.993323
0.115652,0.99329
0.115205,0.993342
0.114645,0.993407
0.11465,0.993406
0.198699,0.980061
0.194129,0.980976
0.195146,0.980774
0.195363,0.980731
0.292181,0.956363
0.292201,0.956357
0.29286,0.956155
0.114363,0.993439
0.893602,0.44886
0.191397,0.981513
0.192383,0.98132
0.192374,0.981322
0.192351,0.981326
0.191569,0.981479
0.115931,0.993257
0.115133,0.99335
0.196755,0.980453
0.195274,0.980749
0.287811,0.957687
0.292315,0.956322
0.283247,0.959047
0.29336,0.956002
0.114269,0.99345
0.893602,0.44886
0.189281,0.981923
0.190657,0.981657
0.191558,0.981481
0.190216,0.981742
0.190366,0.981713
0.116697,0.993168
0.114636,0.993408
0.191346,0.981523
0.190355,0.981715
0.191976,0.9814
0.192607,0.981276
0.296484,0.955038
0.296319,0.955089
0.2967,0.954971
0.114072,0.993473
0.296931,0.954899
0.893602,0.44886
0.188189,0.982133
0.189153,0.981948
0.189531,0.981875
0.189321,0.981915
0.188993,0.981979
0.188673,0.98204
0.115636,0.993292
0.117274,0.9931
0.115152,0.993348
0.19525,0.980753
0.193585,0.981083
0.113988,0.993482
0.113916,0.99349
0.29241,0.956293
0.295313,0.955401
0.893602,0.44886
0.114283,0.993448
0.893602,0.44886
0.187001,0.98236
0.189152,0.981948
0.18805,0.982159
0.187506,0.982264
0.18779,0.982209
0.116455,0.993196
0.11865,0.992936
0.11472,0.993398
0.188337,0.982104
0.188052,0.982159
0.187207,0.98232
0.18897,0.981983
0.190375,0.981711
0.113853,0.993498
0.299402,0.954127
0.299157,0.954204
0.299284,0.954164
0.299614,0.95406
0.893602,0.44886
0.893602,0.44886
0.187356,0.982292
0.186485,0.982458
0.185823,0.982583
0.186927,0.982374
0.187012,0.982358
0.186749,0.982408
0.187734,0.98222
0.186298,0.982493
0.18623,0.982506
0.115858,0.993266
0.118786,0.99292
0.117667,0.993053
0.115336,0.993326
0.120743,0.992684
0.120251,0.992744
0.122275,0.992496
0.121814,0.992553
0.113885,0.993494
0.168934,0.985627
0.169754,0.985486
0.169585,0.985516
0.169741,0.985489
0.170141,0.98542
0.2998,0.954002
0.114061,0.993474
-0.912268,0.409595
-0.912268,0.409595
-0.912268,0.409595
0.114396,0.993435
0.893602,0.44886
0.18614,0.982523
0.185231,0.982695
0.186772,0.982403
0.186123,0.982526
0.186055,0.982539
0.185425,0.982658
0.185548,0.982635
0.116833,0.993152
0.114908,0.993376
0.184635,0.982807
0.185046,0.98273
-0.262853,0.964836
-0.262853,0.964836
-0.262853,0.964836
0.184399,0.982851
0.185468,0.98265
0.123251,0.992376
0.11381,0.993503
0.301075,0.953601
0.301048,0.953609
0.170359,0.985382
0.300994,0.953626
-0.912268,0.409595
-0.912268,0.409595
-0.912268,0.409595
0.184244,0.98288
0.184613,0.982811
0.183835,0.982957
0.184804,0.982775
0.184767,0.982782
0.184524,0.982828
0.185647,0.982616
0.184292,0.982872
0.184127,0.982902
0.116171,0.993229
0.119097,0.992883
0.120348,0.992732
0.118075,0.993005
0.115625,0.993293
0.121759,0.99256
0.183964,0.982933
0.123318,0.992367
0.123175,0.992385
0.11398,0.993483
0.168116,0.985767
0.166818,0.985988
0.168295,0.985737
0.301312,0.953526
0.169513,0.985528
-0.912268,0.409595
0.114197,0.993458
0.114587,0.993413
-0.912268,0.409595
0.185042,0.982731
0.183598,0.983001
0.184773,0.982781
0.184733,0.982789
0.184541,0.982825
0.184519,0.982829
0.183927,0.98294
0.183637,0.982994
0.117251,0.993102
0.115182,0.993344
0.181273,0.983433
0.181235,0.98344
0.181727,0.983349
0.181972,0.983304
0.18274,0.983161
0.124845,0.992176
0.124637,0.992202
0.113873,0.993495
0.301737,0.953391
0.301729,0.953394
0.170547,0.98535
-0.912268,0.409595
-0.912268,0.409595
0.0526252,0.998614
0.0526552,0.998613
0.0527542,0.998608
-0.912268,0.409595
0.182253,0.983252
0.182547,0.983197
0.182753,0.983159
0.181952,0.983307
0.182827,0.983145
0.182762,0.983157
0.182579,0.983191
0.183974,0.982931
0.183039,0.983106
0.182318,0.98324
0.116575,0.993182
0.120713,0.992687
0.119547,0.992829
0.122062,0.992522
0.118575,0.992945
0.11601,0.993248
0.123486,0.992346
0.181986,0.983301
0.124667,0.992199
0.114156,0.993463
0.163622,0.986523
0.164444,0.986386
0.165737,0.98617
0.167572,0.98586
0.17119,0.985238
-0.912268,0.409595
0.169103,0.985598
0.114373,0.993438
0.114849,0.993383
0.0528186,0.998604
-0.912268,0.409595
0.0525103,0.99862
0.0524566,0.998623
0.181837,0.983329
0.183111,0.983092
0.183581,0.983005
0.183627,0.982996
0.183232,0.98307
0.183401,0.983038
0.18296,0.98312
0.182024,0.983294
0.117769,0.993041
0.115524,0.993305
0.178749,0.983895
0.177263,0.984164
0.177659,0.984092
0.17916,0.98382
0.180855,0.98351
0.182,0.983298
0.1267,0.991941
0.125763,0.99206
0.16277,0.986664
0.171312,0.985217
0.171597,0.985167
0.765845,0.643025
0.765845,0.643025
0.765845,0.643025
0.170339,0.985385
-0.912268,0.409595
-0.912268,0.409595
0.0531882,0.998585
-0.912268,0.409595
0.0523206,0.99863
0.180675,0.983543
0.180396,0.983594
0.180868,0.983507
0.180981,0.983487
0.179937,0.983678
0.181013,0.983481
0.180975,0.983488
0.180883,0.983505
0.182601,0.983187
0.182417,0.983221
0.18077,0.983525
0.117095,0.993121
0.122565,0.99246
0.121246,0.992622
0.120135,0.992758
0.124107,0.992269
0.119205,0.99287
0.11651,0.99319
0.125754,0.992061
0.127127,0.991886
-0.977472,-0.211065
-0.977472,-0.211065
-0.977472,-0.211065
0.114236,0.993454
0.158435,0.987369
0.162057,0.986781
0.164596,0.986361
0.166725,0.986003
0.171596,0.985167
-0.912268,0.409595
0.168462,0.985708
0.114589,0.993413
0.115237,0.993338
0.0533248,0.998577
0.052713,0.99861
-0.912268,0.409595
0.0523373,0.998629
0.0522285,0.998635
0.052239,0.998635
0.181736,0.983347
0.182612,0.983185
0.182801,0.98315
0.182789,0.983152
0.182153,0.98327
0.182655,0.983177
0.182414,0.983222
0.180676,0.983543
0.118423,0.992963
0.115783,0.993275
0.1278,0.9918
0.178774,0.98389
0.172538,0.985003
0.172382,0.98503
0.174479,0.984661
0.128408,0.991721
0.181059,0.983472
0.182023,0.983294
0.12781,0.991799
-0.977472,-0.211065
0.114136,0.993465
0.171138,0.985247
0.171611,0.985165
0.170007,0.985443
-0.912268,0.409595
-0.912268,0.409595
0.0542836,0.998526
0.0546055,0.998508
0.05499,0.998487
0.178999,0.983849
0.179158,0.98382
0.178738,0.983897
0.179259,0.983802
0.179324,0.98379
0.178298,0.983977
0.179085,0.983834
0.179367,0.983782
0.179395,0.983777
0.179409,0.983775
0.181482,0.983394
0.182178,0.983266
0.17945,0.983767
0.117771,0.993041
0.123182,0.992384
0.124699,0.992195
0.121928,0.992539
0.12088,0.992667
0.126736,0.991936
0.12,0.992774
0.117363,0.993089
0.128418,0.99172
0.128273,0.991739
0.129059,0.991637
-0.977472,-0.211065
0.130218,0.991485
0.129912,0.991526
0.151898,0.988396
0.147868,0.989007
0.143142,0.989702
0.136891,0.990586
0.157878,0.987459
0.160601,0.987019
0.16342,0.986557
0.16573,0.986171
-0.912268,0.409595
0.167398,0.985889
0.127768,0.991804
0.127446,0.991845
-0.912268,0.409595
0.115533,0.993304
0.0530594,0.998591
0.0540799,0.998537
0.0524341,0.998624
0.0552747,0.998471
0.0520306,0.998645
-0.557959,0.829868
-0.557959,0.829868
-0.557959,0.829868
0.180628,0.983552
0.182171,0.983267
0.181807,0.983334
0.182101,0.98328
0.182229,0.983256
0.181271,0.983433
0.182221,0.983258
0.182147,0.983271
0.179586,0.983742
0.119233,0.992866
0.0999499,0.994992
0.0991936,0.995068
0.0982764,0.995159
0.476184,0.879346
0.476184,0.879346
0.476184,0.879346
0.476184,0.879346
0.476184,0.879346
0.164719,0.98634
0.168001,0.985787
0.129473,0.991583
0.130364,0.991466
0.476184,0.879346
0.476184,0.879346
0.182096,0.983281
-0.977472,-0.211065
0.130195,0.991488
0.131755,0.991282
0.0307994,0.999526
0.0307994,0.999526
0.0307994,0.999526
0.170816,0.985303
-0.912268,0.409595
-0.912268,0.409595
-0.912268,0.409595
0.116356,0.993208
-0.912268,0.409595
0.115593,0.993297
0.0563911,0.998409
-0.969546,0.244908
-0.969546,0.244908
-0.969546,0.244908
0.177579,0.984107
0.177654,0.984093
0.177694,0.984086
0.17743,0.984133
0.177731,0.984079
0.177791,0.984068
0.177177,0.984179
0.1777,0.984085
0.177892,0.98405
0.178028,0.984025
0.178106,0.984011
0.180607,0.983555
0.182078,0.983284
0.178319,0.983973
0.118515,0.992952
0.123946,0.992289
0.125325,0.992116
0.126922,0.991913
0.12278,0.992434
0.121818,0.992552
0.129527,0.991576
0.121021,0.99265
0.0936594,0.995604
0.131122,0.991366
0.160558,0.987026
0.131487,0.991318
0.476184,0.879346
-0.977472,-0.211065
0.132891,0.991131
0.155173,0.987887
0.147248,0.9891
0.1348,0.990873
0.159008,0.987277
0.16239,0.986727
0.164528,0.986372
-0.912268,0.409595
0.118656,0.992935
-0.912268,0.409595
0.103925,0.994585
0.0533848,0.998574
0.0526213,0.998615
0.0552333,0.998473
0.0520566,0.998644
0.0568301,0.998384
0.0515288,0.998672
0.0516293,0.998666
0.0514032,0.998678
0.0513545,0.99868
0.179802,0.983703
0.181599,0.983373
0.181118,0.983461
0.181761,0.983343
0.181931,0.983311
0.180557,0.983565
0.18204,0.983291
0.182045,0.98329
0.178793,0.983887
0.11822,0.992987
0.120235,0.992746
0.128527,0.991706
0.095336,0.995445
0.476184,0.879346
0.476184,0.879346
0.155488,0.987838
0.159798,0.98715
0.131546,0.99131
0.132778,0.991146
0.476184,0.879346
0.977868,-0.209224
0.977868,-0.209224
0.977868,-0.209224
-0.977472,-0.211065
0.132878,0.991132
0.134969,0.99085
-0.912268,0.409595
-0.912268,0.409595
0.0542104,0.99853
0.059268,0.998242
0.176484,0.984303
0.176407,0.984317
0.176326,0.984332
0.176272,0.984341
0.176542,0.984293
0.17628,0.98434
0.176383,0.984322
0.176825,0.984242
0.176556,0.984291
0.176616,0.98428
0.176963,0.984217
0.176674,0.98427
0.180016,0.983664
0.181452,0.9834
0.182035,0.983292
0.177505,0.98412
0.11879,0.992919
0.126183,0.992007
0.124896,0.99217
0.127643,0.99182
0.129203,0.991618
0.123827,0.992304
0.12301,0.992405
0.132269,0.991214
0.130713,0.99142
0.12245,0.992475
0.087737,0.996144
0.134016,0.990979
0.150895,0.98855
0.134242,0.990949
0.476184,0.879346
0.18204,0.983291
-0.977472,-0.211065
0.135858,0.990728
0.152862,0.988248
0.143844,0.9896
0.125786,0.992057
0.158104,0.987423
0.16209,0.986776
-0.912268,0.409595
0.100789,0.994908
-0.912268,0.409595
0.0907681,0.995872
0.0528391,0.998603
0.0537012,0.998557
0.0521676,0.998638
0.0563569,0.998411
0.054813,0.998497
0.0516782,0.998664
0.0585725,0.998283
0.051355,0.99868
0.0511703,0.99869
0.0511624,0.99869
0.179323,0.98379
0.181034,0.983477
0.180539,0.983568
0.181628,0.983367
0.181306,0.983427
0.181796,0.983336
0.179897,0.983685
-0.996396,-0.0848242
-0.996458,-0.0840952
-0.996442,-0.0842845
0.18202,0.983295
0.178397,0.983959
0.0840113,0.996465
0.0820341,0.99663
0.0799844,0.996796
0.122261,0.992498
0.476184,0.879346
0.146721,0.989178
0.476184,0.879346
0.15106,0.988525
0.134082,0.99097
0.135514,0.990775
0.476184,0.879346
-0.998142,-0.0609358
-0.998142,-0.0609272
-0.997897,-0.0648217
-0.977472,-0.211065
0.136237,0.990676
0.137499,0.990502
-0.912268,0.409595
0.0601168,0.998191
0.0610029,0.998138
0.061727,0.998093
0.175463,0.984486
0.175746,0.984436
0.1752,0.984533
0.174995,0.984569
0.174881,0.98459
0.176114,0.98437
0.174892,0.984588
0.175089,0.984553
0.0511116,0.998693
0.17559,0.984463
0.175876,0.984412
0.180995,0.983484
-0.996163,-0.0875215
0.182017,0.983295
-0.997241,-0.0742384
-0.997761,-0.0668742
0.177185,0.984177
0.0801938,0.996779
0.128654,0.99169
0.12726,0.991869
0.12601,0.992029
0.130187,0.991489
0.131813,0.991275
0.125065,0.992149
0.124512,0.992218
0.135317,0.990802
0.133511,0.991047
0.124339,0.99224
0.0818503,0.996645
0.137221,0.99054
0.141375,0.989956
0.137142,0.990551
-0.998302,-0.0582526
0.139088,0.99028
0.152177,0.988353
0.997303,-0.0733954
0.997303,-0.0733954
0.997303,-0.0733954
0.997303,-0.0733954
0.997303,-0.0733954
-0.912268,0.409595
-0.912268,0.409595
-0.912268,0.409595
0.0841688,0.996452
0.0530729,0.998591
0.0523023,0.998631
0.0540904,0.998536
0.0517329,0.998661
0.0573683,0.998353
0.0554687,0.99846
0.0513588,0.99868
0.0599663,0.9982
0.0511736,0.99869
0.176292,0.984338
0.0511015,0.998693
0.174651,0.98463
0.179175,0.983817
0.180597,0.983557
0.180136,0.983642
0.181698,0.983354
0.181137,0.983458
0.180952,0.983492
-0.996083,-0.0884259
-0.99668,-0.0814207
-0.997158,-0.0753444
0.178579,0.983926
0.0762806,0.997086
0.0765704,0.997064
0.08025,0.996775
0.136293,0.990669
0.136961,0.990576
0.139548,0.990215
0.143186,0.989696
0.476184,0.879346
0.136915,0.990583
0.138461,0.990368
-0.998401,-0.0565241
-0.998191,-0.0601195
0.138797,0.990321
0.140506,0.99008
0.997303,-0.0733954
0.0817802,0.99665
-0.912268,0.409595
-0.912268,0.409595
0.741674,-0.670761
0.741674,-0.670761
0.741674,-0.670761
0.063973,0.997952
0.0634286,0.997986
0.174861,0.984593
0.174366,0.984681
0.175287,0.984517
0.17394,0.984756
0.173651,0.984807
0.1735,0.984834
0.58645,0.809985
0.586612,0.809868
0.586551,0.809912
0.173524,0.98483
0.17383,0.984776
0.586996,0.80959
0.58685,0.809695
0.173865,0.984769
0.175655,0.984452
0.179682,0.983725
0.180717,0.983535
-0.995117,-0.0987012
-0.994861,-0.101252
-0.995347,-0.0963586
-0.997709,-0.0676494
-0.969426,-0.245386
-0.968776,-0.247937
-0.968945,-0.247276
0.0760797,0.997102
0.0750513,0.99718
0.131384,0.991332
0.129892,0.991528
0.128561,0.991702
0.127076,0.991893
0.133034,0.991111
0.134816,0.990871
0.12657,0.991958
0.126286,0.991994
0.138742,0.990329
0.136721,0.99061
0.073653,0.997284
0.0755915,0.997139
0.14086,0.990029
0.135116,0.99083
-0.998452,-0.0556115
0.140097,0.990138
0.143112,0.989707
0.997303,-0.0733954
0.997303,-0.0733954
0.074874,0.997193
0.997303,-0.0733954
-0.912268,0.409595
0.0753648,0.997156
0.0658712,0.997828
0.0532819,0.99858
0.0524418,0.998624
0.0517884,0.998658
0.0544084,0.998519
0.0513377,0.998681
0.0580253,0.998315
0.0559516,0.998433
0.0511154,0.998693
0.0607392,0.998154
0.0510487,0.998696
0.586472,0.80997
0.587296,0.809373
0.172387,0.985029
-0.968324,-0.249697
0.179316,0.983792
0.180257,0.98362
0.179951,0.983676
-0.994618,-0.103614
-0.995364,-0.0961821
0.180763,0.983527
0.892517,0.451014
0.892517,0.451014
0.892517,0.451014
-0.996282,-0.0861478
-0.996998,-0.0774235
-0.969978,-0.243193
0.0720804,0.997399
0.126936,0.991911
0.0732107,0.997316
0.134391,0.990928
0.13221,0.991222
0.136961,0.990576
-0.998499,-0.0547624
0.139975,0.990155
0.141606,0.989923
-0.998674,-0.0514878
-0.998241,-0.0592929
0.141735,0.989905
0.143229,0.98969
0.0676022,0.997712
0.0690098,0.997616
0.0704064,0.997518
0.277835,0.960629
0.277835,0.960629
0.277835,0.960629
0.0679942,0.997686
0.0642383,0.997935
0.587634,0.809127
0.174683,0.984625
0.173923,0.984759
0.173125,0.9849
0.586627,0.809857
0.172631,0.984987
0.172295,0.985045
0.172098,0.98508
0.586874,0.809679
0.172076,0.985084
0.58734,0.80934
-0.967921,-0.251256
-0.968035,-0.250816
0.169928,0.985456
-0.968511,-0.24897
0.179736,0.983715
0.892517,0.451014
0.892517,0.451014
-0.99398,-0.109562
0.180545,0.983567
-0.970716,-0.240232
-0.997633,-0.068765
-0.969457,-0.24526
-0.120095,-0.992762
-0.120095,-0.992762
-0.120095,-0.992762
0.0704972,0.997512
0.132756,0.991149
0.134389,0.990929
0.131368,0.991334
0.130431,0.991457
0.128985,0.991647
0.136209,0.99068
0.138189,0.990406
0.128125,0.991758
0.127854,0.991793
0.142567,0.989785
0.140311,0.990107
0.0685299,0.997649
0.069553,0.997578
0.144962,0.989437
-0.998495,-0.0548499
0.143275,0.989683
0.146168,0.98926
0.0689536,0.99762
0.070327,0.997524
0.0533523,0.998576
0.0525528,0.998618
0.0518879,0.998653
0.0512693,0.998685
0.0545149,0.998513
0.0510084,0.998698
0.0561022,0.998425
0.0581553,0.998308
0.0509683,0.9987
0.0606827,0.998157
0.588136,0.808762
0.586606,0.809872
0.5881,0.808788
0.170371,0.98538
-0.96784,-0.251567
-0.97336,-0.229284
-0.971136,-0.238527
0.892517,0.451014
0.18011,0.983646
0.179952,0.983675
-0.993616,-0.112819
-0.994335,-0.106287
-0.99525,-0.0973552
0.180531,0.983569
0.180273,0.983617
0.180328,0.983607
-0.996066,-0.0886201
-0.996814,-0.0797633
-0.970963,-0.23923
0.0696106,0.997574
0.0683984,0.997658
0.999928,0.0119594
0.999928,0.0119594
0.999928,0.0119594
0.127932,0.991783
0.127757,0.991805
0.0679631,0.997688
0.147565,0.989052
0.130768,0.991413
0.132483,0.991185
0.129237,0.991614
0.128972,0.991648
0.128493,0.99171
0.128359,0.991728
0.143258,0.989685
0.144984,0.989434
-0.998744,-0.0501074
-0.998208,-0.059835
0.144873,0.98945
0.588484,0.808509
0.0635851,0.997976
-0.451313,0.892366
-0.451313,0.892366
-0.451313,0.892366
0.586822,0.809716
0.586673,0.809824
0.586792,0.809738
0.17243,0.985022
0.171812,0.98513
0.587017,0.809574
0.171327,0.985214
0.170939,0.985282
0.170632,0.985335
0.587425,0.809279
0.588052,0.808823
0.168644,0.985677
0.167519,0.985869
-0.968196,-0.250195
0.168513,0.985699
-0.968924,-0.247359
0.753527,-0.657417
0.753527,-0.657417
0.753527,-0.657417
0.180207,0.983629
0.94609,0.323903
0.94609,0.323903
0.94609,0.323903
-0.975529,-0.21987
-0.976386,-0.216032
-0.992273,-0.124071
-0.997502,-0.0706315
-0.970221,-0.24222
0.0662566,0.997803
0.0658552,0.997829
0.0659072,0.997826
0.13585,0.990729
0.13425,0.990948
0.137682,0.990476
0.13293,0.991125
0.131799,0.991277
0.130234,0.991483
0.13971,0.990192
0.141908,0.98988
0.129396,0.991593
0.128965,0.991649
0.14426,0.98954
0.146758,0.989172
0.0649945,0.997886
0.12853,0.991706
0.0650009,0.997885
0.149376,0.98878
-0.999201,-0.0399792
-0.999348,-0.0361048
0.146721,0.989178
0.148418,0.988925
0.15014,0.988665
0.0660441,0.997817
0.0524203,0.998625
0.0531783,0.998585
0.0521829,0.998638
0.0509992,0.998699
0.0508486,0.998706
0.0543203,0.998524
0.0507682,0.99871
0.0558381,0.99844
0.0576913,0.998334
0.589175,0.808006
0.0597727,0.998212
0.588982,0.808146
0.586893,0.809665
0.588854,0.808239
0.169124,0.985595
-0.967978,-0.251036
-0.283957,-0.958837
-0.283957,-0.958837
-0.283957,-0.958837
0.18008,0.983652
-0.977084,-0.212855
-0.99263,-0.121186
-0.994198,-0.107565
-0.994936,-0.10051
-0.989889,-0.141846
-0.991127,-0.132915
0.180273,0.983617
-0.995756,-0.0920288
-0.973381,-0.229191
-0.996558,-0.0829024
-0.97238,-0.233405
0.0636196,0.997974
0.0635962,0.997976
0.152022,0.988377
0.129639,0.991561
0.128756,0.991676
0.128412,0.991721
-0.999534,-0.0305218
0.146777,0.98917
0.148608,0.988896
-0.998696,-0.0510465
-0.999136,-0.0415578
-0.99811,-0.0614526
0.677143,0.735851
0.677143,0.735851
0.677143,0.735851
0.589162,0.808015
-0.277061,0.960852
-0.277061,0.960852
-0.277061,0.960852
0.0618248,0.998087
0.587167,0.809466
0.587297,0.809371
0.58717,0.809464
0.17115,0.985245
0.170593,0.985342
0.587628,0.809131
0.170086,0.985429
0.169606,0.985512
0.588196,0.808718
0.588933,0.808182
0.166897,0.985974
0.165725,0.986172
0.165296,0.986244
0.164208,0.986426
0.164585,0.986363
0.167727,0.985834
0.163639,0.98652
0.163868,0.986482
-0.983056,-0.183307
-0.982871,-0.184297
-0.980117,-0.198422
0.180287,0.983614
-0.985266,-0.171031
-0.997322,-0.0731384
0.16351,0.986542
0.163473,0.986548
0.0629935,0.998014
0.0627149,0.998031
0.062036,0.998074
0.0623634,0.998054
0.13737,0.99052
0.139206,0.990263
0.135788,0.990738
0.141265,0.989972
0.134503,0.990913
0.132412,0.991195
0.131243,0.99135
0.143519,0.989648
0.145939,0.989294
0.130468,0.991453
0.130099,0.991501
0.148525,0.988909
0.151258,0.988494
0.0612368,0.998123
0.061044,0.998135
0.154033,0.988066
-0.99963,-0.0271844
-0.999455,-0.0330011
0.15046,0.988616
0.152405,0.988318
0.154524,0.987989
0.051534,0.998671
0.0519969,0.998647
0.0527304,0.998609
0.677143,0.735851
0.0506974,0.998714
0.0506164,0.998718
0.0538048,0.998551
0.590137,0.807303
0.0551722,0.998477
0.0567057,0.998391
0.589939,0.807448
0.0582798,0.9983
0.589779,0.807565
0.587339,0.809341
0.589787,0.807559
0.168356,0.985726
-0.973561,-0.228428
-0.980639,-0.195823
-0.990567,-0.137029
0.989316,-0.145786
0.989316,-0.145786
0.989316,-0.145786
-0.993549,-0.113406
-0.99444,-0.105309
-0.986027,-0.166584
-0.995322,-0.0966164
-0.996199,-0.0871049
-0.973208,-0.229925
-0.972665,-0.232213
0.133779,0.991011
0.060844,0.998147
0.0597647,0.998212
0.156739,0.98764
0.128472,0.991713
0.128225,0.991745
-0.999714,-0.023904
-0.999662,-0.0259938
0.150516,0.988608
0.152434,0.988314
-0.999073,-0.0430414
-0.998604,-0.0528195
-0.99939,-0.0349356
-0.997979,-0.0635515
0.677143,0.735851
0.0508333,0.998707
0.050586,0.99872
0.58769,0.809086
0.587805,0.809003
0.587912,0.808925
0.587714,0.809069
0.170059,0.985434
0.16954,0.985523
0.588476,0.808515
0.168943,0.985626
0.589202,0.807986
0.590019,0.80739
0.166653,0.986016
0.165767,0.986165
0.164843,0.98632
0.164152,0.986435
0.167314,0.985904
0.163712,0.986508
-0.987444,-0.157972
-0.987444,-0.157972
-0.987444,-0.157972
-0.983254,-0.182239
-0.979586,-0.201028
-0.988331,-0.152322
0.989316,-0.145786
-0.992653,-0.120995
-0.997159,-0.0753281
0.163423,0.986556
0.163364,0.986566
0.0600113,0.998198
0.0608386,0.998148
0.059258,0.998243
0.0584698,0.998289
0.0583631,0.998295
0.140744,0.990046
0.138899,0.990307
0.142824,0.989748
0.137296,0.99053
0.145123,0.989414
0.135939,0.990717
0.134624,0.990897
0.133286,0.991078
0.132162,0.991228
0.147605,0.989046
0.150207,0.988655
0.131422,0.991327
0.057411,0.998351
0.15307,0.988215
0.156071,0.987746
0.0575371,0.998343
0.15893,0.98729
-0.999774,-0.0212548
-0.999609,-0.0279793
0.154367,0.988014
0.15668,0.987649
0.159301,0.98723
0.0510511,0.998696
0.0509414,0.998702
0.0513697,0.99868
0.0520079,0.998647
0.0506174,0.998718
0.0505476,0.998722
0.0505252,0.998723
0.0530376,0.998593
0.591174,0.806544
0.0542082,0.99853
0.0553326,0.998468
0.590855,0.806778
0.0564692,0.998404
0.590735,0.806866
0.587947,0.8089
0.590886,0.806755
0.1679,0.985804
-0.987444,-0.157972
-0.980844,-0.194792
-0.989781,-0.142598
-0.991809,-0.12773
-0.99285,-0.119366
-0.993797,-0.111211
-0.985642,-0.168851
-0.994704,-0.102779
-0.974221,-0.225598
-0.995576,-0.0939546
-0.972078,-0.234658
-0.974138,-0.225954
0.131202,0.991356
0.161727,0.986835
-0.999813,-0.0193566
-0.999805,-0.0197712
-0.999792,-0.0204099
-0.999775,-0.0212029
-0.999748,-0.0224556
0.154425,0.988005
0.156354,0.987701
-0.999035,-0.0439198
-0.999327,-0.0366801
-0.998406,-0.0564423
-0.999543,-0.0302357
-0.997926,-0.0643752
0.591977,0.805955
0.588337,0.808616
0.588509,0.808491
0.588814,0.808268
0.588364,0.808596
0.169368,0.985553
0.16863,0.985679
0.589641,0.807665
0.590462,0.807065
0.59133,0.80643
0.166098,0.986109
0.166641,0.986018
0.164934,0.986305
0.164471,0.986382
0.164023,0.986457
0.167111,0.985938
-0.970234,-0.24217
-0.97004,-0.242945
-0.987444,-0.157972
-0.983134,-0.182886
-0.977757,-0.209739
-0.987544,-0.15734
-0.834808,0.550541
-0.834794,0.550563
-0.834883,0.550428
-0.972613,-0.232429
0.05786,0.998325
0.0565886,0.998398
0.934894,0.354927
0.934894,0.354927
0.934894,0.354927
0.0559245,0.998435
0.0552306,0.998474
0.053773,0.998553
0.142264,0.989829
0.14435,0.989527
0.140397,0.990095
0.146674,0.989185
0.13872,0.990332
0.149234,0.988802
0.137161,0.990549
0.135631,0.990759
0.13412,0.990965
0.132898,0.99113
0.15194,0.98839
0.154418,0.988006
0.132143,0.991231
0.158166,0.987413
0.161112,0.986936
0.0544726,0.998515
0.163922,0.986473
-0.999705,-0.0243039
0.157912,0.987453
-0.834639,0.550798
0.161619,0.986853
0.164538,0.986371
0.0503113,0.998734
0.0504867,0.998725
0.593522,0.804818
0.593537,0.804807
0.593479,0.80485
0.0504588,0.998726
0.050979,0.9987
0.0505152,0.998723
0.592479,0.805586
0.0523673,0.998628
0.592081,0.805878
0.0529263,0.998598
0.0536769,0.998558
0.591864,0.806038
0.591687,0.806168
0.588748,0.808317
0.592216,0.805779
0.167533,0.985867
-0.968062,-0.25071
-0.980696,-0.195541
-0.99102,-0.133711
-0.989023,-0.147761
-0.992055,-0.125806
-0.992928,-0.118716
-0.985224,-0.171271
-0.993839,-0.11083
-0.834928,0.550359
-0.975412,-0.220387
0.934894,0.354927
0.0535946,0.998563
0.0520204,0.998646
0.166861,0.98598
-0.99982,-0.0189962
-0.999826,-0.0186521
-0.999804,-0.0197791
0.158514,0.987357
0.160445,0.987045
-0.999435,-0.0336148
-0.834238,0.551404
-0.834378,0.551192
-0.834236,0.551407
-0.834447,0.551088
-0.999639,-0.0268757
-0.834684,0.550729
0.593737,0.804659
0.0505188,0.998723
0.593008,0.805197
0.592943,0.805245
0.589272,0.807935
0.589026,0.808114
0.589684,0.807634
0.590306,0.80718
0.58896,0.808162
0.58941,0.807834
0.589285,0.807925
0.591101,0.806598
0.591967,0.805962
0.592884,0.805288
0.589922,0.807461
0.166444,0.986051
-0.960703,-0.277579
-0.960651,-0.277758
-0.961138,-0.276069
0.166746,0.986
0.164665,0.98635
-0.966115,-0.258111
-0.965916,-0.258857
-0.968394,-0.249425
0.167041,0.98595
-0.97083,-0.239768
-0.983015,-0.183524
-0.978388,-0.206779
-0.986929,-0.161154
-0.834969,0.550297
-0.834866,0.550453
-0.973501,-0.228683
0.934894,0.354927
0.0533451,0.998576
0.0533891,0.998574
0.0521666,0.998638
0.0528879,0.9986
0.052383,0.998627
0.0494114,0.998779
0.145831,0.989309
0.14376,0.989613
0.148124,0.988969
0.141865,0.989886
0.150708,0.988578
0.1401,0.990137
0.153629,0.988129
0.138399,0.990377
0.136665,0.990617
0.134539,0.990908
0.133426,0.991059
0.156757,0.987637
0.161,0.986954
0.163467,0.986549
0.166054,0.986117
0.0518451,0.998655
0.168648,0.985676
-0.999837,-0.0180558
-0.999766,-0.0216304
-0.834092,0.551626
0.167287,0.985908
0.170312,0.98539
0.0492632,0.998786
0.0496138,0.998768
0.593946,0.804505
0.593488,0.804843
0.0492018,0.998789
0.0509717,0.9987
0.593362,0.804936
0.593712,0.804677
0.593152,0.805091
0.0513366,0.998681
0.593091,0.805136
0.59384,0.804583
0.590374,0.80713
-0.960393,-0.278649
0.164704,0.986343
-0.963973,-0.266001
0.591188,0.806533
-0.981003,-0.193994
-0.99021,-0.139586
-0.988329,-0.152338
-0.991098,-0.133132
-0.991513,-0.130006
-0.984884,-0.173216
-0.835005,0.550242
-0.834972,0.550292
-0.976396,-0.215989
0.0516484,0.998665
0.934894,0.354927
0.0487146,0.998813
-0.585018,-0.81102
-0.585018,-0.81102
-0.585018,-0.81102
0.171718,0.985146
-0.999857,-0.0169358
-0.999839,-0.0179398
0.162991,0.986628
0.165147,0.986269
-0.834012,0.551747
-0.834235,0.551409
-0.83381,0.552051
-0.834479,0.55104
-0.833332,0.552772
-0.833714,0.552197
-0.834818,0.550526
0.59423,0.804295
0.0492463,0.998787
0.960956,-0.276702
0.960956,-0.276702
0.960956,-0.276702
0.594161,0.804346
0.590059,0.80736
0.59055,0.807001
0.589696,0.807626
0.591175,0.806543
0.591929,0.80599
0.592779,0.805365
0.593699,0.804687
0.594675,0.803966
-0.960848,-0.277075
-0.959903,-0.280331
-0.960078,-0.279734
-0.962398,-0.271644
0.592251,0.805754
0.591644,0.8062
-0.964493,-0.264108
-0.966733,-0.255786
-0.969165,-0.246412
0.591669,0.806181
-0.971752,-0.236006
-0.983116,-0.182986
-0.979242,-0.202693
-0.986341,-0.164714
-0.834999,0.550252
-0.834926,0.550363
-0.974571,-0.224079
0.0503863,0.99873
0.0508302,0.998707
0.0514499,0.998676
0.0504819,0.998725
0.413027,0.910719
0.413027,0.910719
0.413027,0.910719
0.0502718,0.998736
0.0499539,0.998752
0.0443113,0.999018
0.149494,0.988763
0.147292,0.989093
0.145252,0.989395
0.151929,0.988391
0.143341,0.989673
0.154852,0.987938
0.141524,0.989935
0.15844,0.987369
0.139762,0.990185
0.138035,0.990427
0.133926,0.990991
0.162241,0.986751
0.165504,0.986209
0.168808,0.985649
0.170015,0.985441
0.0496215,0.998768
0.172823,0.984953
-0.999856,-0.016945
-0.832952,0.553346
-0.832673,0.553765
-0.833453,0.55259
0.170253,0.9854
0.171551,0.985175
0.175064,0.984557
0.0479626,0.998849
0.0484499,0.998826
0.594579,0.804037
0.594394,0.804174
0.0477277,0.99886
0.0493599,0.998781
0.960956,-0.276702
0.594666,0.803973
0.594433,0.804145
0.594993,0.803731
0.594453,0.804131
0.594887,0.803809
0.595676,0.803225
0.590864,0.806772
-0.959841,-0.280544
-0.981688,-0.190498
-0.989411,-0.145138
-0.987815,-0.155632
-0.990133,-0.140132
-0.99062,-0.136643
-0.99106,-0.13342
-0.984621,-0.174706
-0.835045,0.550181
-0.834994,0.550258
-0.977698,-0.210014
-0.335579,0.942012
-0.335579,0.942012
-0.335579,0.942012
0.0450506,0.998985
-0.91269,0.408652
-0.91269,0.408652
-0.91269,0.408652
0.0386347,0.999253
0.0398343,0.999206
0.0391344,0.999234
0.175999,0.98439
-0.999874,-0.0158669
-0.999876,-0.0157424
-0.83232,0.554295
0.168069,0.985775
-0.833983,0.55179
-0.834236,0.551408
-0.516873,0.856062
-0.516874,0.856062
-0.516874,0.856062
-0.833712,0.552199
-0.834893,0.550412
0.174676,0.984626
0.594872,0.80382
0.0476699,0.998863
0.960956,-0.276702
0.594916,0.803788
0.591462,0.806333
0.592151,0.805827
0.592921,0.80526
0.59376,0.804642
0.594659,0.803978
0.59564,0.803252
0.596687,0.802474
-0.960561,-0.278069
-0.961681,-0.274172
-0.960084,-0.279711
-0.963357,-0.268224
0.593395,0.804911
-0.965404,-0.260758
-0.967767,-0.251848
-0.970372,-0.241614
0.592419,0.80563
-0.972851,-0.231434
-0.983605,-0.180334
-0.980618,-0.195927
-0.985255,-0.171095
-0.835106,0.550089
-0.834946,0.550332
-0.975961,-0.217947
-0.335579,0.942012
0.0490293,0.998797
0.0495383,0.998772
0.0482332,0.998836
0.0425081,0.999096
0.048111,0.998842
0.0479174,0.998851
0.040754,0.999169
0.153073,0.988215
0.150879,0.988552
0.148772,0.988871
0.146772,0.98917
0.155406,0.987851
0.144874,0.98945
0.159049,0.987271
0.14306,0.989714
0.164191,0.986429
0.141332,0.989962
0.0381312,0.999273
0.167484,0.985875
0.169691,0.985497
0.173196,0.984887
0.0477473,0.998859
0.176617,0.98428
-0.832254,0.554394
-0.5169,0.856046
-0.516901,0.856045
-0.5169,0.856046
-0.516898,0.856047
-0.516877,0.85606
-0.834866,0.550454
-0.51689,0.856052
-0.516898,0.856047
0.174659,0.984629
0.17435,0.984684
0.177659,0.984092
0.179222,0.983809
0.0470807,0.998891
0.0465167,0.998918
0.595267,0.803528
0.595037,0.803699
0.0462433,0.99893
0.596024,0.802966
0.59578,0.803148
0.595513,0.803346
0.595534,0.80333
0.595983,0.802997
0.59663,0.802516
0.597676,0.801738
0.594482,0.804109
-0.982826,-0.184536
-0.988687,-0.149996
-0.129744,-0.991548
-0.129744,-0.991548
-0.129744,-0.991548
-0.989288,-0.145979
-0.835145,0.55003
-0.835032,0.550202
-0.998963,-0.0455325
-0.998963,-0.0455325
-0.998963,-0.0455325
-0.980012,-0.198939
0.0484606,0.998825
-0.335579,0.942012
0.0480878,0.998843
-0.346029,0.938224
-0.346029,0.938224
-0.346029,0.938224
0.0373526,0.999302
0.173231,0.984881
0.179674,0.983726
-0.999884,-0.0152453
-0.832114,0.554604
-0.832184,0.5545
-0.832091,0.554639
-0.516883,0.856056
-0.516883,0.856056
-0.516877,0.85606
-0.516872,0.856063
-0.51687,0.856064
-0.51689,0.856052
-0.516869,0.856064
-0.516869,0.856064
0.177981,0.984034
0.595569,0.803304
0.046174,0.998933
0.596263,0.802789
0.593219,0.805041
0.594052,0.804427
0.594912,0.803791
0.595786,0.803144
0.596682,0.802478
0.597797,0.801647
0.598985,0.80076
-0.960558,-0.278079
-0.961296,-0.275518
-0.962804,-0.270201
0.595634,0.803256
-0.964506,-0.264062
0.594373,0.804189
-0.966657,-0.256074
-0.969298,-0.245889
-0.972384,-0.233387
-0.984365,-0.176142
-0.982812,-0.18461
-0.129744,-0.991548
-0.986453,-0.164043
-0.98543,-0.170081
-0.835173,0.549987
-0.997777,-0.0666401
-0.997777,-0.0666401
-0.997777,-0.0666401
-0.998963,-0.0455325
0.773264,-0.634084
0.773264,-0.634084
0.773264,-0.634084
-0.980003,-0.198982
0.0476204,0.998866
-0.335579,0.942012
0.0477989,0.998857
0.0464374,0.998921
0.0464837,0.998919
0.0404159,0.999183
0.0463286,0.998926
0.0462214,0.998931
0.0380357,0.999276
0.156314,0.987707
0.154411,0.988007
0.152326,0.98833
0.150288,0.988642
0.148349,0.988935
0.157092,0.987584
0.146498,0.989211
0.167957,0.985794
0.144726,0.989472
0.170003,0.985443
0.0368546,0.999321
0.172934,0.984933
0.176932,0.984223
0.180132,0.983642
-0.832107,0.554615
-0.516909,0.856041
-0.516905,0.856043
-0.516902,0.856045
0.773264,-0.634084
0.178346,0.983968
0.18046,0.983582
0.181934,0.983311
0.596007,0.802979
0.045567,0.998961
0.0450282,0.998986
0.595786,0.803143
0.0448617,0.998993
0.597313,0.802008
0.597391,0.80195
0.59701,0.802234
0.597321,0.802002
0.596459,0.802644
0.597401,0.801943
0.598458,0.801154
0.599907,0.80007
0.597024,0.802223
-0.975469,-0.220136
-0.984358,-0.17618
-0.987213,-0.159409
-0.986171,-0.165732
-0.835185,0.549969
-0.997777,-0.0666401
0.773264,-0.634084
0.773264,-0.634084
0.773264,-0.634084
-0.984084,-0.177703
0.0475522,0.998869
-0.335579,0.942012
0.0464722,0.99892
-0.853239,0.521521
-0.853239,0.521521
-0.853239,0.521521
0.0361402,0.999347
0.177103,0.984192
0.183008,0.983112
-0.832035,0.554723
-0.832014,0.554755
-0.832013,0.554756
-0.832029,0.554733
-0.516882,0.856057
-0.516875,0.856061
-0.516871,0.856064
-0.516893,0.85605
-0.516869,0.856065
-0.516869,0.856065
0.179502,0.983758
0.181041,0.983476
0.1825,0.983206
0.596229,0.802815
0.0448229,0.998995
0.597412,0.801934
0.322627,0.946526
0.322627,0.946526
0.322627,0.946526
0.595309,0.803497
0.59623,0.802814
0.597124,0.802149
0.597948,0.801535
0.598594,0.801053
0.600511,0.799617
0.601615,0.798786
0.598249,0.80131
-0.960731,-0.277481
-0.963074,-0.269236
-0.964159,-0.265325
0.596693,0.80247
-0.965863,-0.259052
-0.968288,-0.249835
-0.971484,-0.237104
-0.985087,-0.172055
-0.986006,-0.166708
-0.985541,-0.169439
-0.835193,0.549957
-0.997777,-0.0666401
0.773264,-0.634084
0.773264,-0.634084
-0.980084,-0.198582
-0.986422,-0.164232
0.0468436,0.998902
0.0465373,0.998917
-0.335579,0.942012
0.0450442,0.998985
0.0449456,0.998989
0.0451497,0.99898
-0.831855,-0.554993
-0.831855,-0.554993
-0.831855,-0.554993
0.0448619,0.998993
0.0364194,0.999337
0.157958,0.987446
0.159767,0.987155
0.15586,0.987779
0.15378,0.988105
0.151841,0.988405
0.150009,0.988685
-0.853239,0.521521
0.148221,0.988954
0.172312,0.985042
0.0356883,0.999363
0.174669,0.984627
0.177631,0.984097
0.180352,0.983602
0.183047,0.983104
-0.516923,0.856032
-0.516934,0.856025
-0.516887,0.856054
-0.516899,0.856047
0.980717,-0.195436
0.980717,-0.195433
0.980717,-0.195434
0.181541,0.983383
0.183132,0.983088
0.18416,0.982896
0.596768,0.802414
0.596648,0.802503
0.0437697,0.999042
0.0437634,0.999042
0.0436958,0.999045
0.598867,0.800848
0.599044,0.800716
0.598684,0.800985
0.598356,0.80123
0.598825,0.80088
0.59733,0.801996
0.600564,0.799577
0.602384,0.798207
0.600297,0.799777
0.601385,0.798959
0.600813,0.79939
-0.974536,-0.22423
-0.98588,-0.167456
-0.986565,-0.16337
-0.986056,-0.166412
-0.986837,-0.161718
0.773264,-0.634084
0.773264,-0.634084
0.773264,-0.634084
0.773264,-0.634084
0.773264,-0.634084
-0.991545,-0.129767
-0.341892,-0.939739
-0.342334,-0.939578
-0.342387,-0.939559
-0.335579,0.942012
0.0453005,0.998973
0.0366611,0.999328
-0.853239,0.521521
0.171455,0.985192
0.0350539,0.999385
0.18059,0.983559
0.185113,0.982717
-0.831988,0.554794
-0.831983,0.554801
-0.516947,0.856017
-0.516883,0.856056
-0.516872,0.856063
-0.516869,0.856064
-0.516889,0.856052
-0.516892,0.85605
0.980716,-0.195439
0.181802,0.983335
0.183541,0.983012
0.184745,0.982786
0.185404,0.982662
0.596465,0.802639
0.0436827,0.999045
0.217957,0.975958
0.217957,0.975958
0.217957,0.975958
0.598545,0.801089
0.597694,0.801724
0.598665,0.801
0.599554,0.800335
0.60026,0.799805
0.603684,0.797223
0.60444,0.796651
0.599277,0.800542
0.600923,0.799307
0.602231,0.798322
-0.964542,-0.263928
-0.965458,-0.260557
-0.9674,-0.253254
-0.970355,-0.241686
-0.985528,-0.169511
-0.989465,-0.144773
0.773264,-0.634085
0.773264,-0.634085
0.773264,-0.634085
0.773264,-0.634084
0.773264,-0.634084
-0.978952,-0.20409
-0.987958,-0.15472
-0.997826,-0.0658993
-0.341439,-0.939904
0.0457135,0.998955
-0.335579,0.942012
0.0439776,0.999033
0.0438308,0.999039
0.0437314,0.999043
0.0441782,0.999024
0.036198,0.999345
0.0357251,0.999362
0.161783,0.986826
0.159423,0.98721
-0.853239,0.521521
0.15715,0.987575
0.155175,0.987887
0.153486,0.988151
0.151784,0.988414
0.173133,0.984898
0.0345952,0.999401
0.175866,0.984414
0.178426,0.983953
0.18107,0.98347
0.183115,0.983091
0.185176,0.982705
-0.516954,0.856013
-0.51695,0.856016
-0.972698,-0.232076
-0.972698,-0.232076
-0.972698,-0.232076
0.980711,-0.195462
0.980712,-0.195457
0.980713,-0.195455
0.980714,-0.195447
0.980714,-0.195449
-0.516887,0.856054
-0.516894,0.85605
0.980717,-0.195435
0.183723,0.982978
0.185108,0.982718
0.185888,0.982571
0.0431257,0.99907
0.0433486,0.99906
0.597743,0.801688
0.0429622,0.999077
0.0428497,0.999082
0.0427841,0.999084
0.60019,0.799857
0.600772,0.799421
0.82151,-0.570194
0.82151,-0.570194
0.82151,-0.570194
0.599871,0.800097
0.601089,0.799182
0.602927,0.797796
0.602962,0.79777
0.605026,0.796206
0.602609,0.798037
-0.972886,-0.231284
-0.986111,-0.166089
0.773264,-0.634085
-0.985573,-0.169251
0.773263,-0.634085
0.773264,-0.634085
0.773264,-0.634084
0.773264,-0.634084
0.773264,-0.634084
0.916122,0.400898
0.91607,0.401019
0.916132,0.400876
-0.982583,0.185826
-0.344139,-0.938919
-0.340159,-0.940368
-0.335579,0.942012
0.0443072,0.999018
0.169023,0.985612
0.0342853,0.999412
0.183032,0.983107
0.186308,0.982491
0.186181,0.982515
-0.51696,0.856009
-0.516961,0.856009
-0.516959,0.85601
-0.516958,0.856011
-0.972698,-0.232076
0.98071,-0.195467
0.980712,-0.195456
0.980708,-0.195479
0.980714,-0.195449
-0.516889,0.856053
-0.51689,0.856052
-0.516892,0.856051
-0.972698,-0.232076
0.895352,-0.445359
0.895352,-0.445359
0.895352,-0.445359
-0.516962,0.856009
0.185272,0.982687
0.186166,0.982518
0.186502,0.982455
0.5983,0.801272
0.0427917,0.999084
0.601742,0.79869
0.82151,-0.570194
0.599919,0.80006
0.599045,0.800716
0.600343,0.799743
0.601362,0.798977
0.60225,0.798307
0.606736,0.794903
0.60603,0.795442
0.607336,0.794445
0.602074,0.79844
0.603668,0.797236
0.604683,0.796466
-0.965386,-0.260824
-0.966718,-0.255846
-0.969113,-0.246615
0.773263,-0.634085
0.773263,-0.634085
0.773263,-0.634085
0.773263,-0.634085
0.773264,-0.634085
0.916162,0.400808
0.915975,0.401235
-0.975526,-0.219885
-0.986141,-0.165908
-0.999757,-0.0220443
-0.910552,0.413394
-0.340876,-0.940108
-0.337818,-0.941211
-0.350492,-0.936566
-0.346714,-0.937971
-0.339199,-0.940715
0.0430086,0.999075
0.0432429,0.999065
0.0428681,0.999081
0.0436761,0.999046
-0.355175,-0.9348
-0.353047,-0.935605
-0.916743,-0.399478
-0.916743,-0.399478
-0.916743,-0.399478
-0.979898,0.199497
-0.979898,0.199497
-0.979898,0.199497
0.163223,0.986589
0.160314,0.987066
0.172465,0.985016
0.158152,0.987415
0.156516,0.987675
0.155564,0.987826
0.034081,0.999419
0.176811,0.984245
0.178839,0.983878
0.181359,0.983417
0.184107,0.982906
0.185083,0.982723
0.186831,0.982392
-0.516964,0.856007
-0.972698,-0.232076
0.980706,-0.195487
0.980714,-0.195448
0.980701,-0.195511
0.971265,-0.238001
0.971265,-0.238001
0.971265,-0.238001
-0.972698,-0.232076
0.916008,0.401159
-0.950199,0.311643
-0.950199,0.311643
-0.950199,0.311643
0.185354,0.982672
0.18625,0.982502
0.186747,0.982408
0.0425433,0.999095
0.0423291,0.999104
0.0421758,0.99911
0.0421243,0.999112
0.601113,0.799164
0.601976,0.798514
0.602981,0.797756
0.603245,0.797556
0.600894,0.799329
0.605398,0.795923
0.605248,0.796037
0.607777,0.794107
-0.965011,-0.26221
-0.970876,-0.239582
0.773263,-0.634085
0.773263,-0.634085
0.773264,-0.634085
0.773264,-0.634085
0.773264,-0.634084
0.773264,-0.634084
0.916169,0.400792
0.773264,-0.634084
0.773264,-0.634084
0.773264,-0.634084
0.633536,0.773713
0.0440477,0.999029
0.0439856,0.999032
-0.809455,-0.587182
-0.809455,-0.587182
-0.809455,-0.587182
0.0341477,0.999417
0.0342578,0.999413
0.167877,0.985808
0.0339874,0.999422
0.843993,-0.536355
0.843993,-0.536355
0.843993,-0.536355
0.187855,0.982197
0.186912,0.982377
-0.516966,0.856006
-0.516965,0.856007
-0.972698,-0.232076
0.980709,-0.195471
0.980712,-0.19546
0.980713,-0.195454
0.980701,-0.195512
0.971265,-0.238001
0.971265,-0.238001
0.971265,-0.238001
0.971265,-0.238001
0.971265,-0.238001
-0.972698,-0.232076
0.915959,0.401272
-0.516966,0.856006
0.186101,0.982531
0.186638,0.982429
0.599619,0.800286
0.0421763,0.99911
0.600272,0.799796
0.600994,0.799253
0.603271,0.797537
0.604342,0.796725
0.60981,0.792547
0.609203,0.793014
0.608468,0.793578
0.610279,0.792187
0.605202,0.796072
0.607088,0.794635
-0.965573,-0.260132
-0.966315,-0.257361
-0.968016,-0.25089
0.777384,0.629027
0.847771,0.530363
0.868558,0.495588
0.890417,0.455145
0.896147,0.443758
0.90038,0.435105
0.88282,0.469712
0.902945,0.429756
0.907181,0.42074
0.916178,0.400771
0.773264,-0.634084
0.915696,0.401871
0.915855,0.40151
-0.972167,-0.234288
-0.975198,-0.221335
-0.993584,0.113097
-0.90063,0.434587
0.433767,0.901025
-0.340017,-0.940419
-0.33296,-0.942941
-0.347072,-0.937839
-0.323297,-0.946298
0.0424601,0.999098
0.0422855,0.999106
0.0427646,0.999085
-0.310058,-0.950718
-0.311698,-0.950181
-0.361989,-0.932182
-0.37945,-0.925212
-0.39237,-0.919808
-0.394359,-0.918956
0.171352,0.98521
0.166623,0.986021
0.162985,0.986629
0.160603,0.987019
0.175863,0.984415
0.158855,0.987302
0.157624,0.987499
0.0339598,0.999423
0.180729,0.983533
0.183663,0.982989
0.186683,0.98242
0.843993,-0.536355
-0.00144142,0.999999
-0.00144142,0.999999
-0.00144142,0.999999
0.18822,0.982127
-0.00144142,0.999999
0.843993,-0.536355
0.843993,-0.536355
-0.516969,0.856004
-0.516969,0.856004
0.980706,-0.195491
0.980713,-0.195452
0.980696,-0.195538
0.980695,-0.195546
0.971265,-0.238001
-0.972698,-0.232076
-0.972698,-0.232076
-0.516969,0.856004
0.186586,0.982439
0.40614,0.913811
0.40614,0.913811
0.40614,0.913811
0.187111,0.982339
0.0421703,0.99911
0.0418992,0.999122
0.0416997,0.99913
0.0417519,0.999128
0.601725,0.798703
0.602105,0.798417
0.60483,0.796355
0.605445,0.795887
0.601811,0.798638
0.608051,0.793898
0.607588,0.794253
0.610604,0.791936
0.60916,0.793048
-0.969323,-0.245789
0.909965,0.414686
0.909312,0.416114
0.908679,0.417496
0.909691,0.415286
0.773264,-0.634084
0.773264,-0.634084
0.773264,-0.634084
0.915607,0.402075
-0.543568,-0.839365
-0.543568,-0.839365
-0.543568,-0.839365
0.818788,0.574096
-0.352319,-0.93588
-0.320832,-0.947136
-0.300413,-0.953809
-0.960713,0.277543
-0.960713,0.277543
-0.960713,0.277543
-0.398243,-0.91728
0.179629,0.983734
0.157264,0.987557
0.772615,-0.634874
0.772615,-0.634874
0.772615,-0.634874
0.186157,0.98252
0.843993,-0.536355
-0.00144142,0.999999
0.188985,0.98198
-0.00144142,0.999999
0.843993,-0.536355
-0.516969,0.856004
-0.516972,0.856002
0.980709,-0.195475
0.980711,-0.195465
0.980712,-0.195461
0.980696,-0.195536
0.980701,-0.195513
0.980691,-0.195562
0.971265,-0.238001
0.971265,-0.238001
0.971265,-0.238001
-0.972698,-0.232076
0.843993,-0.536355
0.843993,-0.536355
0.843993,-0.536355
0.915953,0.401286
-0.516971,0.856003
-0.886111,0.463474
-0.886111,0.463474
-0.886111,0.463474
-0.516973,0.856002
-0.516974,0.856001
-0.516972,0.856002
0.600887,0.799334
0.0418699,0.999123
0.601246,0.799064
0.601879,0.798588
0.606513,0.795074
0.612409,0.790541
0.612887,0.790171
0.611786,0.791023
0.61101,0.791623
0.613216,0.789915
0.608771,0.793346
0.611201,0.791475
-0.966316,-0.257357
-0.967222,-0.253933
0.874954,0.484207
0.891437,0.453144
0.900396,0.435072
-0.990999,-0.13387
-0.990999,-0.13387
-0.990999,-0.13387
0.773264,-0.634084
0.915152,0.403108
0.915843,0.401536
-0.97129,-0.237899
-0.972462,-0.233063
-0.512414,-0.858739
-0.512414,-0.858739
-0.512414,-0.858739
-0.889339,0.457248
-0.42458,0.905391
0.760593,0.649229
-0.330398,-0.943842
-0.338873,-0.940832
-0.346388,-0.938091
0.0419619,0.999119
0.0421256,0.999112
-0.292219,-0.956351
-0.30506,-0.952333
-0.960713,0.277543
-0.960713,0.277543
-0.400941,-0.916104
0.169366,0.985553
0.175285,0.984518
0.164446,0.986386
0.162209,0.986756
0.160656,0.98701
0.178696,0.983904
0.15919,0.987248
0.157995,0.98744
0.772615,-0.634874
0.182803,0.98315
0.185368,0.982669
0.188053,0.982159
-0.00144142,0.999999
0.843993,-0.536355
-0.00144142,0.999999
-0.00144142,0.999999
0.189155,0.981947
0.980705,-0.195493
0.915984,0.401216
0.980692,-0.195561
0.98069,-0.195567
-0.00144142,0.999999
-0.00144142,0.999999
-0.00144142,0.999999
-0.972698,-0.232076
0.601428,0.798927
0.60154,0.798843
0.0414659,0.99914
0.0414261,0.999142
0.602685,0.797979
-0.915669,0.401934
-0.915669,0.401934
-0.915669,0.401934
-0.915669,0.401934
-0.915669,0.401934
0.608259,0.793739
0.602721,0.797952
0.610839,0.791755
0.610036,0.792374
0.613399,0.789773
0.613848,0.789424
-0.968044,-0.250781
0.912191,0.409765
-0.990999,-0.13387
-0.990999,-0.13387
0.912771,0.408473
0.913624,0.40656
0.914143,0.405393
0.914632,0.404288
0.915289,0.402797
0.915674,0.401923
0.623872,0.781527
0.626134,0.779715
0.625117,0.780531
-0.512414,-0.858739
-0.932317,0.361642
0.276152,0.961114
0.860394,0.509629
-0.35274,-0.935721
-0.316951,-0.948442
-0.27831,-0.960491
-0.960713,0.277543
-0.960713,0.277543
-0.40404,-0.914741
0.181672,0.983359
0.772615,-0.634874
0.187453,0.982274
-0.00144142,0.999999
-0.00144142,0.999999
0.189494,0.981882
-0.00144142,0.999999
0.980708,-0.195479
0.98071,-0.19547
0.916015,0.401143
0.980691,-0.195561
0.980697,-0.195536
0.980701,-0.195513
0.980687,-0.195582
0.980688,-0.195578
0.971265,-0.238001
0.971265,-0.238001
-0.00144142,0.999999
0.915978,0.401229
0.60176,0.798677
-0.0770855,0.997024
-0.0770855,0.997024
-0.0770855,0.997024
-0.0770855,0.997024
0.602203,0.798343
0.609258,0.792972
0.601943,0.798539
0.602576,0.798062
0.615578,0.788076
0.615097,0.788451
0.615911,0.787816
0.614475,0.788936
0.613694,0.789544
0.616075,0.787687
0.612676,0.790335
0.615731,0.787956
-0.966554,-0.256462
0.622097,0.78294
0.620153,0.784481
0.892659,0.450733
-0.990999,-0.13387
0.907336,0.420407
0.908813,0.417203
0.910893,0.412643
0.912042,0.410096
0.915898,0.40141
0.628081,0.778148
0.627757,0.778409
0.625847,0.779946
0.628735,0.77762
0.628551,0.777769
-0.895861,0.444334
-0.647378,0.762169
-0.524727,-0.85127
-0.530949,-0.847404
-0.517756,-0.855529
-0.501606,-0.865096
-0.509517,-0.86046
-0.327771,-0.944757
-0.337665,-0.941266
-0.354428,-0.935083
-0.346765,-0.937952
0.0417823,0.999127
-0.264683,-0.964336
-0.282769,-0.959188
-0.298004,-0.954565
-0.960713,0.277543
-0.404569,-0.914507
-0.407174,-0.913351
-0.406673,-0.913574
-0.406891,-0.913477
-0.407014,-0.913422
-0.407873,-0.913039
0.180063,0.983655
0.161901,0.986807
0.160687,0.987005
-0.405625,-0.914039
-0.406084,-0.913836
-0.405858,-0.913936
0.184341,0.982862
0.186207,0.982511
0.188906,0.981995
-0.00144142,0.999999
-0.00144142,0.999999
0.189444,0.981891
0.98071,-0.195468
0.980705,-0.195495
0.980686,-0.195587
0.980688,-0.195577
-0.00144142,0.999999
-0.00144142,0.999999
0.601997,0.798499
0.0412964,0.999147
0.0415103,0.999138
0.0413053,0.999147
-0.915669,0.401934
-0.915669,0.401934
0.603962,0.797013
-0.915669,0.401934
0.611184,0.791488
0.603413,0.797428
0.613454,0.789731
0.616039,0.787715
0.623173,0.782084
0.913258,0.407383
0.912907,0.408169
0.914281,0.40508
0.915009,0.403433
0.915492,0.402336
0.915798,0.40164
-0.911092,0.412203
-0.483833,-0.87516
-0.491674,-0.870779
-0.536546,-0.843871
-0.359057,-0.933316
-0.355479,-0.934684
-0.311815,-0.950143
-0.236741,-0.971573
-0.960713,0.277543
-0.960713,0.277543
-0.405659,-0.914025
-0.406609,-0.913602
-0.407941,-0.913008
-0.409221,-0.912435
-0.406696,-0.913564
-0.406368,-0.91371
0.183143,0.983086
0.188315,0.982109
-0.00144142,0.999999
-0.00144142,0.999999
-0.00144142,0.999999
-0.418509,-0.908213
-0.418629,-0.908157
-0.418465,-0.908233
-0.00144142,0.999999
0.980707,-0.195483
0.980709,-0.195476
0.916048,0.401068
0.980692,-0.19556
0.980686,-0.195588
0.980697,-0.195535
0.980701,-0.195513
0.980682,-0.195609
0.980685,-0.195593
0.980687,-0.195585
-0.00144142,0.999999
-0.00144142,0.999999
0.916025,0.401122
0.602065,0.798447
-0.195405,-0.980723
-0.164907,-0.986309
-0.201554,-0.979477
0.604233,0.796807
0.611844,0.790978
0.602433,0.798169
0.603059,0.797696
0.618649,0.785668
0.618311,0.785934
0.617847,0.786299
0.618829,0.785525
0.617276,0.786746
0.616602,0.787275
0.618807,0.785543
0.619873,0.784702
-0.540175,-0.841553
-0.543121,-0.839654
-0.544476,-0.838776
0.909912,0.414802
0.912733,0.408557
0.915983,0.401218
0.627771,0.778398
0.62919,0.777251
0.625708,0.780057
-0.906143,0.422972
-0.467344,-0.884076
-0.472544,-0.881307
-0.531367,-0.847142
-0.516831,-0.856088
-0.498854,-0.866686
-0.324667,-0.945828
-0.336685,-0.941617
-0.960713,0.277543
-0.347961,-0.937509
-0.224893,-0.974383
-0.249868,-0.96828
-0.270218,-0.962799
-0.287975,-0.957638
-0.960713,0.277543
-0.405907,-0.913914
-0.405529,-0.914082
-0.405882,-0.913926
-0.405934,-0.913902
-0.409605,-0.912263
-0.406388,-0.913701
-0.411345,-0.91148
0.185316,0.982679
-0.416703,-0.909043
-0.417249,-0.908792
-0.417504,-0.908675
0.189199,0.981939
-0.00144142,0.999999
-0.418254,-0.90833
0.916076,0.401006
0.980704,-0.195497
0.98068,-0.195617
-0.00144142,0.999999
0.602241,0.798315
-0.129341,-0.9916
-0.149179,-0.98881
-0.143297,-0.98968
0.606325,0.795217
-0.915669,0.401934
0.604393,0.796686
0.613325,0.789831
0.603744,0.797178
0.615741,0.787949
0.618495,0.785789
0.623096,0.782145
0.914034,0.405638
0.908753,0.417335
0.913865,0.406019
0.914814,0.403876
0.915346,0.402669
0.915702,0.401857
0.915935,0.401326
0.630137,0.776484
-0.461553,-0.887113
-0.45419,-0.890905
-0.477888,-0.878421
-0.542459,-0.840082
-0.960713,0.277543
-0.364487,-0.931209
-0.358728,-0.933442
-0.304714,-0.952444
-0.960713,0.277543
-0.960713,0.277543
-0.406203,-0.913783
-0.406971,-0.913441
-0.412248,-0.911072
-0.413975,-0.910288
0.186043,0.982542
-0.41768,-0.908594
-0.418125,-0.908389
-0.00144142,0.999999
-0.00144142,0.999999
-0.00144142,0.999999
-0.41777,-0.908553
0.934671,-0.355513
0.934671,-0.355513
0.934671,-0.355513
0.980706,-0.195489
0.916083,0.400988
0.980687,-0.195585
0.980692,-0.195557
0.98068,-0.195617
0.980697,-0.195532
0.980702,-0.19551
0.980678,-0.195629
0.980675,-0.195644
0.980686,-0.19559
-0.00144142,0.999999
0.916079,0.400999
0.602154,0.79838
-0.168939,-0.985626
-0.915669,0.401934
0.612581,0.790408
0.602773,0.797913
0.603392,0.797444
0.621571,0.783358
0.621361,0.783525
0.621028,0.783788
0.620618,0.784113
0.621619,0.78332
0.62019,0.784452
0.621432,0.783468
-0.552559,-0.833474
-0.551198,-0.834375
-0.554621,-0.832103
-0.554383,-0.832262
0.91357,0.406682
0.916078,0.400999
0.629453,0.777039
0.6279,0.778294
0.630431,0.776245
0.625815,0.779972
0.630561,0.77614
0.630672,0.77605
-0.454557,-0.890718
-0.5243,-0.851533
-0.537996,-0.842947
-0.50656,-0.862205
-0.484682,-0.874691
-0.320762,-0.94716
-0.33567,-0.94198
-0.369002,-0.929429
-0.349212,-0.937044
-0.198835,-0.980033
-0.227683,-0.973735
-0.250832,-0.968031
-0.271863,-0.962336
-0.960713,0.277543
-0.405843,-0.913943
-0.403158,-0.915131
-0.403394,-0.915026
-0.403816,-0.91484
-0.408707,-0.912666
-0.415035,-0.909805
-0.41683,-0.908985
-0.00144142,0.999999
0.934671,-0.355513
-0.00144142,0.999999
0.916098,0.400955
0.980704,-0.195497
0.980674,-0.19565
0.741091,-0.671404
0.741091,-0.671404
0.741091,-0.671404
-0.0733947,-0.997303
-0.075033,-0.997181
-0.0800704,-0.996789
0.612974,0.790103
0.604656,0.796487
0.614909,0.788598
0.604225,0.796814
0.603936,0.797032
0.617952,0.786216
0.620642,0.784094
0.623326,0.781962
0.914719,0.40409
0.913024,0.407907
0.91291,0.408162
0.914799,0.403909
0.915265,0.402853
0.915638,0.402004
0.915895,0.401419
0.916066,0.401027
-0.423947,-0.905687
-0.428473,-0.903555
-0.45877,-0.888555
-0.54806,-0.836439
-0.372431,-0.92806
-0.960713,0.277543
-0.369006,-0.929427
-0.361705,-0.932293
-0.294192,-0.955746
-0.960713,0.277543
-0.406028,-0.913861
-0.404503,-0.914537
-0.413431,-0.910535
-0.00144142,0.999999
-0.416973,-0.908919
0.934671,-0.355513
0.934671,-0.355513
0.934671,-0.355513
0.9161,0.400951
0.980705,-0.195492
0.980688,-0.195579
0.980682,-0.19561
0.980693,-0.195552
0.980675,-0.195645
0.980699,-0.195526
0.980703,-0.195505
-0.00144142,0.999999
0.98067,-0.195668
0.980667,-0.195684
0.916153,0.400828
0.00811961,-0.999967
-0.107086,-0.99425
0.481312,0.876549
0.480642,0.876917
0.481586,0.876399
0.0757716,-0.997125
0.350264,-0.936651
0.684806,-0.728725
0.964383,0.264509
0.624201,0.781264
0.624315,0.781173
0.623966,0.781451
0.623652,0.781702
0.624299,0.781185
0.624295,0.781188
-0.556235,-0.831025
-0.267592,-0.963532
-0.267592,-0.963532
-0.267592,-0.963532
-0.846434,-0.532493
-0.846434,-0.532493
-0.846434,-0.532493
-0.846434,-0.532493
0.916178,0.400773
0.629744,0.776802
0.63082,0.775929
0.628142,0.778099
0.631392,0.775464
0.626069,0.779767
-0.405614,-0.914044
-0.428872,-0.903365
-0.532108,-0.846677
-0.515319,-0.856998
-0.544403,-0.838824
-0.493315,-0.86985
-0.466169,-0.884696
-0.315552,-0.948908
-0.334154,-0.942518
-0.37792,-0.925838
-0.349572,-0.936909
-0.150143,-0.988664
-0.196294,-0.980545
-0.210312,-0.977634
-0.242358,-0.970187
-0.997477,-0.0709927
-0.997477,-0.0709927
-0.997477,-0.0709927
-0.399924,-0.916548
-0.398776,-0.917048
-0.997477,-0.0709927
-0.400911,-0.916117
-0.403638,-0.914919
0.934671,-0.355513
0.934671,-0.355513
0.934671,-0.355513
-0.415861,-0.909428
-0.401524,-0.915848
-0.40106,-0.916052
-0.401257,-0.915966
0.934671,-0.355513
0.980705,-0.195493
0.916101,0.400947
0.980666,-0.195687
-0.00144142,0.999999
0.980706,-0.195488
0.980707,-0.195486
0.980707,-0.195486
0.102093,-0.994775
0.479369,0.877614
0.616646,0.787241
0.604321,0.796741
0.604231,0.796809
0.817062,0.57655
0.620974,0.783831
-0.421197,-0.906969
-0.421197,-0.906969
-0.421197,-0.906969
-0.5542,-0.832384
0.915279,0.402821
-0.556221,-0.831035
-0.267592,-0.963532
-0.267592,-0.963532
0.915306,0.402759
0.915416,0.402508
0.915625,0.402033
0.915877,0.40146
0.916055,0.401052
0.916178,0.400771
-0.415547,-0.909572
-0.39677,-0.917918
-0.433376,-0.901213
-0.55307,-0.833135
-0.379337,-0.925259
-0.960713,0.277543
-0.373132,-0.927778
-0.364298,-0.931282
-0.277901,-0.96061
-0.398349,-0.917234
-0.401327,-0.915935
-0.400467,-0.916311
-0.401961,-0.915657
-0.402951,-0.915222
0.980689,-0.195572
0.980684,-0.195597
0.980678,-0.195631
0.980694,-0.195548
0.98067,-0.195667
0.980702,-0.195511
0.980704,-0.195497
-0.400541,-0.916279
0.980661,-0.195712
0.980658,-0.195731
0.980706,-0.195487
0.916258,0.400588
0.0603939,-0.998175
0.482702,0.875785
0.477349,0.878714
0.627795,0.778378
0.823776,-0.566915
0.623709,0.781657
0.626794,0.779185
0.626631,0.779316
0.62683,0.779156
0.626369,0.779526
0.626732,0.779235
0.626371,0.779525
-0.267592,-0.963532
-0.267592,-0.963532
-0.558388,-0.82958
-0.267592,-0.963532
-0.267592,-0.963532
0.9155,0.402318
0.916261,0.400582
0.630091,0.776521
0.631191,0.775627
0.631772,0.775154
0.628456,0.777845
0.631891,0.775058
0.631807,0.775126
-0.371138,-0.928578
-0.39354,-0.919307
-0.525352,-0.850885
-0.53976,-0.841819
-0.504234,-0.863567
-0.550244,-0.835004
-0.476233,-0.879319
-0.443265,-0.896391
-0.308807,-0.951125
-0.33186,-0.943329
-0.390617,-0.920553
-0.345279,-0.9385
-0.0523602,-0.998628
-0.0985038,-0.995137
-0.179453,-0.983767
-0.394462,-0.918912
-0.396479,-0.918044
-0.397723,-0.917506
-0.400551,-0.916274
0.980706,-0.195491
0.980657,-0.195735
-0.399599,-0.91669
0.478182,0.878261
0.472943,0.881093
0.604288,0.796766
0.582303,0.812972
0.818398,0.574652
0.475702,0.879607
0.622893,0.782307
0.625379,0.780321
0.915677,0.401914
-0.561263,-0.827638
-0.267592,-0.963532
-0.267592,-0.963532
0.915788,0.401661
0.915893,0.401422
0.916059,0.401044
0.916179,0.400769
0.91626,0.400583
-0.389274,-0.921122
-0.34451,-0.938783
-0.401266,-0.915961
-0.558157,-0.829736
-0.38747,-0.921882
-0.383815,-0.92341
-0.952722,0.303843
-0.952722,0.303843
-0.952722,0.303843
-0.252534,-0.967588
-0.398389,-0.917217
-0.398898,-0.916995
0.980689,-0.195573
0.980687,-0.195583
0.980683,-0.195602
0.980672,-0.195659
0.87415,0.485656
0.87415,0.485656
0.87415,0.485656
0.424961,0.905212
0.424297,0.905523
0.424928,0.905227
0.980705,-0.195493
0.980705,-0.195493
0.980651,-0.195763
0.980647,-0.195787
0.916317,0.400453
0.916315,0.400457
0.831637,-0.555319
0.500421,0.865782
0.622034,0.782991
0.629096,0.777328
0.629001,0.777405
0.628771,0.777591
0.629046,0.777368
0.62885,0.777527
0.628589,0.777737
-0.562548,-0.826764
-0.267592,-0.963532
-0.267592,-0.963532
-0.267592,-0.963532
-0.267592,-0.963532
-0.267592,-0.963532
-0.267592,-0.963532
0.916312,0.400465
0.631626,0.775273
0.630508,0.776183
0.632142,0.774852
0.632212,0.774796
-0.607989,0.793945
-0.607989,0.793945
-0.607989,0.793945
-0.270014,-0.962857
-0.346408,-0.938084
-0.520057,-0.854132
-0.534808,-0.844974
-0.546316,-0.837579
-0.48624,-0.873825
-0.554683,-0.832061
-0.45675,-0.889595
-0.417355,-0.908744
-0.302469,-0.953159
-0.3328,-0.942998
-0.950199,0.311643
-0.950199,0.311643
-0.952722,0.303843
-0.952722,0.303843
0.791995,-0.610527
0.492174,-0.870497
0.0124507,-0.999922
-0.3908,-0.920476
-0.392943,-0.919563
-0.394497,-0.918897
0.87415,0.485656
0.419094,0.907943
0.418841,0.90806
0.41793,0.908479
0.98067,-0.195667
0.87415,0.485656
0.98067,-0.195668
0.424765,0.905304
0.916341,0.400398
-0.39735,-0.917667
0.980647,-0.195785
0.474184,0.880426
0.463675,0.886006
0.496651,0.86795
0.720971,0.692965
0.456457,0.889745
0.449191,0.893436
0.443487,0.896281
0.432684,0.901546
0.437554,0.899192
0.915945,0.401303
-0.564639,-0.825338
-0.267592,-0.963532
-0.267592,-0.963532
0.916081,0.400993
0.916189,0.400748
0.916264,0.400575
0.916306,0.400478
0.284584,-0.958651
0.284464,-0.958687
0.284481,-0.958682
-0.889642,0.456658
-0.889642,0.456658
-0.889642,0.456658
-0.274677,-0.961536
-0.363367,-0.931646
-0.505348,-0.862916
-0.559683,-0.828707
-0.952722,0.303843
-0.381921,-0.924195
-0.386994,-0.922082
-0.38085,-0.924637
-0.367347,-0.930084
-0.215971,-0.9764
-0.395913,-0.918288
0.629306,0.777158
0.629306,0.777158
0.629306,0.777158
0.980688,-0.195578
0.415635,0.909532
0.415629,0.909534
0.418457,0.908237
0.420996,0.907063
0.980705,-0.195491
0.980705,-0.195491
0.422775,0.906235
0.424381,0.905484
0.980705,-0.195491
0.916343,0.400394
0.980641,-0.195814
0.98064,-0.195818
0.545179,0.83832
0.631042,0.775749
0.631054,0.775739
0.630865,0.775893
0.630907,0.775859
0.630654,0.776064
0.415501,0.909593
-0.562743,-0.826632
0.916026,0.401119
-0.565281,-0.824899
-0.267592,-0.963532
-0.267592,-0.963532
-0.267592,-0.963532
-0.267592,-0.963532
-0.267592,-0.963532
-0.267593,-0.963532
0.916328,0.400429
0.632509,0.774553
0.632347,0.774685
0.63254,0.774528
0.284242,-0.958752
-0.216963,-0.97618
-0.244235,-0.969716
-0.192854,-0.981228
-0.287848,-0.957676
-0.514986,-0.857199
-0.529909,-0.848055
-0.542044,-0.84035
-0.551214,-0.834364
-0.471679,-0.88177
-0.496484,-0.868046
-0.557541,-0.830149
-0.43778,-0.899082
-0.391922,-0.919998
-0.303095,-0.95296
-0.345826,-0.938299
-0.369926,-0.929061
0.690169,0.723648
0.731034,0.682341
0.970876,-0.239584
-0.388834,-0.921308
-0.391149,-0.920327
0.407434,0.913235
0.405672,0.914019
0.408603,0.912712
0.412079,0.911148
0.410644,0.911796
0.419821,0.907607
0.424205,0.905566
0.916356,0.400364
-0.393576,-0.919292
0.980637,-0.195836
0.465092,0.885263
0.455443,0.890265
0.48346,0.875366
0.441434,0.897293
0.630573,0.77613
0.760456,0.64939
0.760456,0.64939
0.760456,0.64939
0.916118,0.400909
0.916063,0.401035
-0.566129,-0.824317
-0.267592,-0.963532
-0.267593,-0.963532
-0.267592,-0.963532
0.916207,0.400705
0.916274,0.400553
0.916315,0.400459
0.8571,0.515149
0.8571,0.515149
0.8571,0.515149
0.284081,-0.9588
0.284222,-0.958759
-0.190688,-0.981651
-0.322361,-0.946617
-0.561272,-0.827631
-0.383337,-0.923609
-0.185371,-0.982669
0.405661,0.914023
0.40908,0.912499
0.412425,0.910991
0.41533,0.909671
0.402552,0.915397
0.402265,0.915523
0.0910242,0.995849
0.0910242,0.995849
0.0910242,0.995849
0.0910242,0.995849
0.0910242,0.995849
0.422933,0.906161
0.916359,0.400358
0.980633,-0.195853
0.980633,-0.195852
0.398862,0.917011
0.398691,0.917085
0.39797,0.917398
0.528448,0.848965
0.432511,0.901629
0.632708,0.77439
0.632617,0.774465
0.632611,0.77447
0.632315,0.774711
0.631784,0.775144
0.760456,0.64939
-0.564707,-0.825291
0.916149,0.400837
-0.566143,-0.824307
0.196181,-0.980568
0.196182,-0.980568
0.196182,-0.980568
0.196185,-0.980567
0.196182,-0.980567
-0.267592,-0.963532
-0.267592,-0.963532
-0.267592,-0.963532
-0.267593,-0.963532
0.916334,0.400415
0.371481,0.928441
0.371481,0.928441
0.371481,0.928441
0.632697,0.7744
0.633379,0.773841
0.283709,-0.95891
0.283836,-0.958873
-0.122856,-0.992424
-0.0674029,-0.997726
-0.212293,-0.977206
-0.507869,-0.861434
-0.524589,-0.851356
-0.537536,-0.843241
-0.547296,-0.836939
-0.554412,-0.832242
-0.459006,-0.888433
-0.486638,-0.873603
-0.559127,-0.829082
-0.421243,-0.906948
-0.377976,-0.925815
-0.311175,-0.950353
-0.350249,-0.936656
-0.375234,-0.92693
0.527214,0.849733
0.719855,0.694124
-0.38804,-0.921643
0.0910242,0.995849
0.0910242,0.995849
0.0910242,0.995849
0.423635,0.905833
0.980631,-0.195865
0.394353,0.918959
0.445726,0.895169
0.453653,0.891178
0.469351,0.883012
0.431249,0.902233
0.399797,0.916604
0.403089,0.915161
0.760456,0.64939
0.916226,0.400662
0.91616,0.400813
-0.267592,-0.963532
-0.267592,-0.963532
-0.267593,-0.963532
-0.267593,-0.963532
-0.267592,-0.963532
0.916291,0.400513
0.916317,0.400453
0.916334,0.400414
0.391199,0.920306
0.387503,0.921869
0.780026,-0.625748
0.780026,-0.625748
0.780026,-0.625748
0.283464,-0.958983
0.633774,0.773518
0.284033,-0.958815
-0.0914269,-0.995812
-0.256844,-0.966453
0.196176,-0.980569
0.196178,-0.980568
0.196177,-0.980569
0.19618,-0.980568
-0.345217,-0.938523
-0.382938,-0.923774
-0.242161,-0.970236
0.401422,0.915893
0.405167,0.914243
0.408742,0.91265
0.411816,0.911267
0.413468,0.910519
0.397697,0.917517
0.41933,0.907834
0.420364,0.907355
0.416143,0.909299
0.417164,0.908831
0.414016,0.91027
0.422792,0.906227
0.980629,-0.195874
0.98063,-0.195869
0.415822,0.909446
0.633956,0.773369
0.633967,0.77336
0.633726,0.773558
0.633221,0.773971
0.395151,0.918616
0.402732,0.915318
0.196185,-0.980567
0.916235,0.400641
0.196192,-0.980565
0.196194,-0.980565
-0.267592,-0.963532
-0.267592,-0.963532
0.196193,-0.980565
0.196192,-0.980566
-0.267593,-0.963532
0.916343,0.400393
0.391685,0.920099
-0.410012,-0.91208
-0.410012,-0.91208
-0.410012,-0.91208
0.282964,-0.959131
0.634475,0.772943
0.283022,-0.959113
0.2838,-0.958883
0.0125936,-0.999921
0.0374382,-0.999299
-0.102857,-0.994696
-0.499955,-0.866051
-0.518639,-0.854993
-0.533067,-0.846073
-0.543082,-0.83968
-0.550462,-0.83486
-0.555935,-0.831226
-0.478328,-0.878181
-0.450714,-0.892669
-0.561515,-0.827466
-0.563137,-0.826364
-0.400773,-0.916178
-0.314878,-0.949132
-0.959005,-0.283391
-0.959005,-0.283391
-0.959005,-0.283391
0.980629,-0.195876
0.980628,-0.19588
0.453536,0.891238
-0.855633,-0.517584
-0.855633,-0.517584
-0.855633,-0.517584
0.411097,0.911592
0.424059,0.905635
0.43577,0.900058
0.442007,0.897011
0.422426,0.906398
0.389099,0.921196
0.410896,0.911682
0.916292,0.40051
-0.267593,-0.963532
0.196197,-0.980565
0.196192,-0.980565
-0.267593,-0.963532
-0.267593,-0.963532
-0.267593,-0.963532
-0.267592,-0.963532
0.916327,0.400432
0.381445,0.924392
0.379637,0.925136
0.384081,0.923299
-0.477488,0.878638
-0.477488,0.878638
-0.477488,0.878638
0.282719,-0.959203
0.634797,0.772679
0.283065,-0.959101
-0.139437,0.990231
-0.139437,0.990231
-0.139437,0.990231
0.0901751,-0.995926
-0.000824653,-1
0.966081,0.258238
0.966081,0.258238
0.966081,0.258238
0.966081,0.258238
0.966081,0.258238
-0.563807,-0.825906
-0.564265,-0.825594
0.966081,0.258238
0.966081,0.258238
-0.855633,-0.517584
-0.855633,-0.517584
-0.855633,-0.517584
-0.928812,0.370552
-0.928812,0.370552
-0.928812,0.370552
-0.855633,-0.517584
-0.855633,-0.517584
0.395882,0.918301
0.400118,0.916463
0.404209,0.914667
0.407942,0.913008
0.417414,0.908716
0.420637,0.907229
0.413947,0.910301
0.410555,0.911836
0.423115,0.906076
0.424688,0.90534
0.425009,0.905189
0.634772,0.7727
0.63488,0.772611
0.63442,0.772989
0.384262,0.923224
0.392382,0.919802
0.400626,0.916241
0.916305,0.400482
-0.267593,-0.963532
0.196204,-0.980563
0.196205,-0.980563
-0.267592,-0.963532
0.196194,-0.980565
0.196198,-0.980564
-0.267593,-0.963532
0.964289,0.264854
0.964289,0.264854
0.964289,0.264854
0.964289,0.264854
0.964289,0.264854
0.916324,0.400437
0.378011,0.925801
0.388884,0.921287
-0.800897,0.598802
-0.800897,0.598802
-0.800897,0.598802
0.282126,-0.959377
0.282121,-0.959379
0.635227,0.772325
0.281815,-0.959469
-0.139437,0.990231
-0.139437,0.990231
-0.139437,0.990231
0.156007,-0.987756
0.172437,-0.985021
0.122039,-0.992525
-0.0352574,-0.999378
-0.069275,-0.997598
-0.491472,-0.870893
-0.510744,-0.859733
-0.529845,-0.848094
-0.539423,-0.842035
-0.545683,-0.837991
-0.551444,-0.834212
0.196221,-0.98056
0.196231,-0.980558
0.196231,-0.980558
-0.475694,-0.879611
0.966081,0.258238
0.966081,0.258238
0.196217,-0.98056
-0.855633,-0.517584
0.42521,0.905095
0.430836,0.90243
0.431067,0.90232
0.426747,0.904371
0.426628,0.904427
0.407003,0.913427
0.427634,0.903952
0.417416,0.908715
0.376742,0.926318
0.408231,0.912879
0.916316,0.400457
0.196205,-0.980563
0.196193,-0.980565
0.964289,0.264854
0.964289,0.264854
-0.267593,-0.963532
-0.267593,-0.963532
0.964289,0.264854
0.964289,0.264854
0.916338,0.400405
0.370319,0.928905
0.37483,0.927094
0.380246,0.924885
0.282149,-0.959371
0.282042,-0.959402
0.282058,-0.959397
0.635338,0.772234
0.282541,-0.959255
-0.139437,0.990231
-0.139437,0.990231
0.225195,-0.974314
0.0676419,-0.99771
0.966081,0.258238
0.966081,0.258238
0.966081,0.258238
0.966081,0.258238
0.196244,-0.980555
0.966081,0.258238
0.966081,0.258238
0.425041,0.905174
0.424623,0.90537
0.393762,0.919213
0.398523,0.917158
0.402989,0.915205
0.417325,0.908757
0.413234,0.910625
0.420909,0.907103
0.409537,0.912293
0.405982,0.913881
0.423633,0.905834
0.635204,0.772345
0.635329,0.772242
0.371451,0.928452
0.381313,0.924446
0.390715,0.920512
0.399314,0.916814
0.916319,0.400448
-0.267593,-0.963532
0.196216,-0.980561
0.196195,-0.980565
0.196198,-0.980564
0.196204,-0.980563
0.196178,-0.980568
0.19618,-0.980568
0.196179,-0.980568
-0.267593,-0.963532
0.964289,0.264854
0.342673,0.939455
0.339091,0.940754
0.345968,0.938246
0.91634,0.4004
0.385928,0.922529
0.281764,-0.959484
0.281432,-0.959581
0.280864,-0.959748
0.279504,-0.960144
0.635475,0.772121
-0.250171,0.968202
-0.250317,0.968164
-0.25028,0.968173
-0.139437,0.990231
-0.139437,0.990231
-0.139437,0.990231
0.281562,-0.959543
0.252036,-0.967718
0.295293,-0.955407
0.195697,-0.980664
0.647959,0.761676
0.647966,0.761669
0.647964,0.761671
0.966081,0.258238
0.196313,-0.980541
0.19631,-0.980542
0.196308,-0.980542
0.196314,-0.980541
0.196313,-0.980541
0.196304,-0.980543
0.196303,-0.980543
-0.538368,-0.84271
-0.541524,-0.840685
0.196257,-0.980553
0.196257,-0.980552
0.196243,-0.980555
0.196229,-0.980558
0.966081,0.258238
0.42439,0.905479
0.42263,0.906302
0.401696,0.915773
0.422206,0.9065
0.414551,0.910026
0.360653,0.9327
0.406847,0.913496
0.331085,0.943601
0.333914,0.942604
0.196214,-0.980561
0.964289,0.264854
0.196182,-0.980568
0.288053,0.957615
0.290959,0.956735
0.289493,0.95718
0.291085,0.956697
0.297996,0.954567
0.964289,0.264854
0.196199,-0.980564
0.363356,0.93165
0.369601,0.92919
0.376426,0.926447
0.281863,-0.959455
0.424325,-0.90551
0.424325,-0.90551
0.424325,-0.90551
0.279203,-0.960232
-0.425111,0.905141
-0.425111,0.905141
-0.425111,0.905141
0.635527,0.772079
-0.250351,0.968155
-0.250035,0.968237
-0.249814,0.968294
-0.139437,0.990231
0.339466,-0.940618
0.64799,0.761649
0.647979,0.761658
0.966081,0.258238
0.966081,0.258238
0.966081,0.258238
0.966081,0.258238
0.966081,0.258238
0.196293,-0.980545
0.196271,-0.98055
0.966081,0.258238
0.421478,0.906839
0.391508,0.920175
0.396812,0.9179
0.412567,0.910927
0.417407,0.90872
0.406881,0.913481
0.404862,0.914378
0.400517,0.916289
0.35723,0.934016
0.635459,0.772135
0.368922,0.92946
0.380366,0.924836
0.390264,0.920703
0.398912,0.916989
0.316643,0.948545
-0.267593,-0.963532
0.196228,-0.980558
0.196203,-0.980563
0.196211,-0.980562
0.196185,-0.980567
0.19618,-0.980568
0.298851,0.9543
0.196202,-0.980564
0.342688,0.939449
-0.950199,0.311643
-0.950199,0.311643
0.383026,0.923738
0.281597,-0.959533
0.28101,-0.959705
0.280197,-0.959943
0.27929,-0.960207
0.277685,-0.960672
-0.263991,0.964525
-0.263991,0.964525
-0.263991,0.964525
0.325253,0.945627
0.330801,0.9437
0.319472,0.947596
-0.25034,0.968158
-0.25019,0.968197
-0.249649,0.968336
-0.249506,0.968373
-0.139438,0.990231
-0.249642,0.968338
-0.139438,0.990231
0.385147,-0.922855
0.364961,-0.931023
0.342161,-0.939641
0.397721,-0.917506
0.648016,0.761627
0.647974,0.761663
0.966081,0.258238
0.196312,-0.980542
0.196307,-0.980543
0.966081,0.258238
0.196296,-0.980545
0.196282,-0.980548
0.196268,-0.98055
0.196257,-0.980553
0.196243,-0.980555
0.419289,0.907853
0.417971,0.90846
0.395156,0.918614
0.413095,0.910688
0.406351,0.913717
0.326582,0.945169
0.196225,-0.980559
0.964289,0.264854
0.196188,-0.980566
0.196184,-0.980567
0.283776,0.95889
0.286727,0.958012
0.196206,-0.980563
0.355918,0.934517
0.365041,0.930991
0.372998,0.927832
0.281827,-0.959465
0.277026,-0.960862
0.278524,-0.960429
0.315902,0.948792
0.297381,0.954759
-0.249853,0.968284
-0.249616,0.968345
-0.139438,0.990231
0.431379,-0.902171
0.648019,0.761624
0.648001,0.761639
0.647962,0.761672
0.966081,0.258238
0.966081,0.258238
0.966081,0.258238
0.966081,0.258238
0.966081,0.258238
0.966081,0.258238
0.389285,0.921117
0.412538,0.910941
0.406431,0.913681
0.399974,0.916526
0.393733,0.919225
0.018357,-0.999831
0.018357,-0.999831
0.018357,-0.999831
0.353567,0.935409
0.369662,0.929166
0.380989,0.92458
0.39069,0.920522
0.399143,0.916889
0.307822,0.951444
0.196242,-0.980556
0.196219,-0.98056
0.196198,-0.980564
0.283292,0.959034
0.292064,0.956399
0.340845,0.940119
0.380322,0.924854
0.276858,0.960911
0.276917,0.960894
0.2809,-0.959737
0.279613,-0.960113
0.278437,-0.960455
0.275387,-0.961333
-0.201272,-0.979535
-0.201272,-0.979535
-0.201272,-0.979535
0.297371,0.954762
0.332973,0.942937
-0.250315,0.968164
-0.250048,0.968233
-0.24907,0.968485
-0.139438,0.990231
-0.139438,0.990231
-0.139438,0.990231
-0.249348,0.968414
-0.139438,0.990231
0.46719,-0.884157
0.42742,-0.904053
0.453513,-0.89125
0.648078,0.761574
0.480343,-0.877081
0.648058,0.761591
0.232481,0.972601
0.232481,0.972601
0.232481,0.972601
0.647986,0.761652
0.966081,0.258238
0.196314,-0.980541
0.196314,-0.980541
0.19631,-0.980542
0.196301,-0.980544
0.196287,-0.980546
0.196271,-0.98055
0.196258,-0.980552
0.966081,0.258238
0.387212,0.921991
0.399677,0.916656
0.313969,0.949433
0.196238,-0.980556
0.196197,-0.980565
0.196209,-0.980562
0.196187,-0.980566
0.277584,0.960701
0.275789,0.961218
0.278359,0.960477
0.328211,0.944605
0.352033,0.935988
0.361552,0.932352
0.369965,0.929046
0.255452,0.966822
0.27594,-0.961175
0.272431,-0.962175
0.276649,-0.960971
0.27724,-0.960801
-0.250421,0.968137
0.316359,0.948639
-0.249612,0.968346
-0.24873,0.968573
-0.139438,0.990231
0.498843,-0.866692
0.418841,-0.908059
0.648029,0.761615
0.647974,0.761663
0.966081,0.258238
0.966081,0.258238
0.966081,0.258238
0.966081,0.258238
0.966081,0.258238
0.966081,0.258238
0.966081,0.258238
0.392578,0.919719
0.38534,0.922775
0.334444,0.942416
0.361594,0.932336
0.371865,0.928287
0.382239,0.924063
0.391556,0.920154
0.297527,0.954713
0.196259,-0.980552
0.196228,-0.980558
0.196185,-0.980567
0.282278,0.959333
0.338028,0.941136
0.377815,0.925881
0.2542,0.967152
0.277517,0.960721
0.24245,0.970164
0.228974,0.973433
0.278076,-0.960559
0.269565,-0.962982
0.276085,-0.961133
0.966081,0.258238
0.966081,0.258238
0.966081,0.258238
-0.250404,0.968141
0.29848,0.954416
-0.250209,0.968192
-0.24985,0.968284
-0.248684,0.968585
-0.248324,0.968677
-0.139438,0.990231
-0.139438,0.990231
-0.249017,0.968499
-0.139438,0.990231
0.538443,-0.842662
0.497668,-0.867368
0.468945,-0.883227
0.531616,-0.846986
0.648147,0.761516
0.546559,-0.837421
0.648103,0.761553
-0.250461,0.968127
0.966081,0.258238
0.966081,0.258238
0.196314,-0.980541
0.196307,-0.980543
0.196294,-0.980545
0.196275,-0.980549
0.196316,-0.980541
0.349831,0.936813
0.30176,0.953384
0.320487,0.947253
0.196259,-0.980552
0.196211,-0.980562
0.196192,-0.980565
0.196185,-0.980567
0.262719,0.964872
0.265021,0.964243
0.267605,0.963529
0.349151,0.937066
0.358525,0.93352
0.367004,0.930219
0.278927,-0.960312
0.27708,-0.960847
0.2697,-0.962944
0.266674,-0.963787
-0.243429,0.969919
-0.243405,0.969925
-0.243422,0.969921
0.966081,0.258238
0.966081,0.258238
0.317622,0.948217
-0.249329,0.968419
-0.247926,0.968779
-0.139439,0.990231
0.575734,-0.817637
0.6482,0.761471
0.550043,-0.835136
0.996726,-0.0808523
0.996726,-0.0808523
0.996726,-0.0808523
-0.940761,-0.339071
-0.940761,-0.339071
-0.940761,-0.339071
0.966081,0.258238
0.966081,0.258238
0.966081,0.258238
0.966081,0.258238
0.196317,-0.98054
0.383679,0.923467
0.375488,0.926827
0.335232,0.942136
0.362167,0.932113
0.37348,0.927638
0.286145,0.958186
0.196279,-0.980548
0.308792,-0.95113
0.308792,-0.95113
0.308792,-0.95113
0.196184,-0.980567
0.271059,0.962563
0.335797,0.941934
0.255968,0.966685
0.226872,0.973925
0.279734,0.960077
0.187613,0.982243
0.186963,0.982367
-0.953945,0.299981
-0.953945,0.299981
-0.953945,0.29998
-0.953945,0.29998
-0.953945,0.29998
0.263583,-0.964637
-0.243369,0.969934
-0.243411,0.969923
-0.243447,0.969914
0.966081,0.258238
0.300385,0.953818
-0.247901,0.968785
-0.248287,0.968686
-0.247499,0.968888
-0.139438,0.990231
-0.139439,0.990231
-0.248661,0.968591
-0.139439,0.990231
0.593745,-0.804653
0.557152,-0.830411
0.529261,-0.848459
0.648259,0.76142
0.575008,-0.818148
0.648202,0.761468
0.996726,-0.0808523
-0.940761,-0.339071
0.966081,0.258238
0.966081,0.258238
0.966081,0.258238
0.196312,-0.980541
0.196305,-0.980543
0.350871,0.936424
0.287635,0.95774
0.303355,0.952878
0.196288,-0.980546
0.196269,-0.98055
0.308792,-0.95113
0.196192,-0.980565
0.196187,-0.980567
0.196183,-0.980567
0.249721,0.968318
0.255277,0.966868
0.252763,0.967528
0.320157,0.947365
0.347431,0.937706
0.35457,0.935029
0.364161,0.931336
0.141452,0.989945
-0.953945,0.29998
-0.953945,0.29998
0.263839,-0.964567
-0.243325,0.969945
0.260815,-0.965389
-0.24344,0.969916
-0.24346,0.969911
0.319245,0.947672
-0.247074,0.968997
-0.139439,0.990231
0.610442,-0.792061
0.585002,-0.811032
0.648322,0.761366
0.591423,-0.806361
0.599484,-0.800387
0.966081,0.258238
0.966081,0.258238
0.966081,0.258238
0.19632,-0.98054
0.19632,-0.98054
0.196297,-0.980545
0.196316,-0.980541
0.337905,0.94118
0.275611,0.961269
0.211348,0.977411
0.211572,0.977362
0.21122,0.977438
0.196293,-0.980545
0.241383,0.97043
0.260867,0.965375
0.233192,0.972431
0.260657,0.965431
0.19519,0.980765
0.282945,0.959136
0.12692,0.991913
-0.953945,0.299981
-0.953945,0.29998
-0.243246,0.969965
0.256938,-0.966428
-0.24331,0.969949
-0.243382,0.969931
0.966081,0.258238
0.966081,0.258238
0.302329,0.953204
-0.247457,0.968899
-0.247056,0.969001
-0.247872,0.968793
-0.246642,0.969107
-0.139439,0.990231
-0.139439,0.990231
-0.139439,0.990231
0.63751,-0.770442
0.60296,-0.797772
0.5808,-0.814046
0.648379,0.761318
0.648312,0.761375
0.606959,-0.794733
0.636236,-0.771495
0.618036,-0.78615
0.966081,0.258238
0.966081,0.258238
0.966081,0.258238
0.196309,-0.980542
0.286011,0.958226
0.271669,0.962391
0.196302,-0.980543
0.211982,0.977274
0.196298,-0.980544
0.196188,-0.980566
0.196183,-0.980567
0.23221,0.972666
0.24086,0.97056
0.240679,0.970605
-0.00837932,0.999965
-0.185471,0.98265
-0.0891406,0.996019
-0.953945,0.29998
-0.953946,0.29998
0.258329,-0.966057
-0.243226,0.96997
0.255601,-0.966782
-0.243427,0.969919
-0.24345,0.969913
-0.246192,0.969221
-0.13944,0.990231
0.622695,-0.782465
0.648461,0.761248
0.406683,0.913569
0.406683,0.913569
0.406683,0.913569
-0.192406,-0.981315
-0.19241,-0.981315
-0.192411,-0.981314
-0.192414,-0.981314
0.966081,0.258238
0.966081,0.258238
0.966081,0.258238
0.196321,-0.98054
0.196313,-0.980541
0.212979,0.977057
0.196307,-0.980542
0.214523,0.976719
0.21353,0.976937
0.196182,-0.980567
0.220705,0.975341
0.231145,0.972919
0.252055,0.967713
0.242682,0.970106
0.212484,0.977165
0.266379,0.963868
0.171286,0.985221
0.0262725,0.999655
-0.953945,0.29998
-0.137956,0.990438
-0.953946,0.29998
-0.24303,0.970019
-0.243124,0.969995
0.25296,-0.967477
-0.243237,0.969967
-0.243373,0.969933
-0.192395,-0.981317
-0.192401,-0.981316
-0.246573,0.969124
-0.246983,0.96902
-0.246219,0.969214
-0.245799,0.969321
0.44949,0.893285
0.44949,0.893285
0.44949,0.893285
-0.13944,0.990231
-0.13944,0.990231
0.661932,-0.749564
0.638102,-0.769952
0.62121,-0.783644
0.648516,0.761201
0.648397,0.761302
0.638834,-0.769345
0.406683,0.913569
-0.192415,-0.981314
-0.192416,-0.981313
0.966081,0.258238
0.196324,-0.980539
0.212844,0.977086
0.196313,-0.980541
0.214127,0.976806
0.216865,0.976202
0.223173,0.974779
0.217203,0.976126
0.227832,0.9737
0.117122,0.993118
-0.953946,0.29998
-0.416277,0.909238
-0.953946,0.29998
-0.953946,0.299979
0.253456,-0.967347
0.253435,-0.967353
0.251351,-0.967896
-0.19238,-0.98132
-0.192388,-0.981319
-0.245216,0.969468
-0.244893,0.96955
-0.245039,0.969513
-0.13944,0.990231
0.655599,-0.755109
0.672078,-0.740481
0.652954,-0.757397
0.648643,0.761093
-0.192406,-0.981315
0.107761,0.994177
0.131268,0.991347
0.119508,0.992833
0.966081,0.258238
0.966081,0.258238
0.966081,0.258238
0.196324,-0.980539
0.196318,-0.98054
0.212748,0.977107
0.210418,0.977612
0.198379,0.980125
0.163888,0.986479
-0.0733225,0.997308
0.0583335,0.998297
-0.460659,0.887577
0.278358,0.960477
0.278358,0.960477
0.278358,0.960477
-0.301369,0.953508
-0.953946,0.299979
0.251089,-0.967964
-0.242808,0.970074
-0.243033,0.970018
0.249672,-0.968331
-0.946925,0.321453
-0.946925,0.321453
-0.946925,0.321453
-0.192372,-0.981322
-0.192395,-0.981317
-0.245784,0.969325
-0.245932,0.969287
-0.245476,0.969403
-0.245097,0.969499
-0.244745,0.969587
-0.13944,0.990231
-0.13944,0.99023
0.676083,-0.736825
0.684288,-0.729212
0.665465,-0.746429
0.652511,-0.757779
0.648744,0.761007
-0.944492,0.328535
-0.944492,0.328535
-0.944492,0.328535
0.665933,-0.746011
-0.192409,-0.981315
0.145246,0.989396
0.158761,0.987317
0.173021,0.984918
0.181599,0.983373
0.966081,0.258238
0.196327,-0.980538
0.212195,0.977227
0.196322,-0.98054
0.206707,0.978403
0.205728,0.978609
0.191824,0.981429
0.128833,0.991666
-0.846704,0.532064
-0.953946,0.29998
-0.657311,0.753619
-0.953946,0.299979
-0.953946,0.299978
0.248812,-0.968552
-0.242549,0.970139
-0.243149,0.969989
0.247985,-0.968764
-0.192362,-0.981324
-0.19238,-0.98132
-0.244498,0.96965
-0.13944,0.99023
0.692659,-0.721265
0.676763,-0.736201
0.648844,0.760922
-0.245746,0.969334
-0.245575,0.969378
-0.183376,0.983043
-0.00460409,0.999989
0.192729,0.981252
0.197743,0.980254
0.196327,-0.980539
0.196328,-0.980538
0.207707,0.978191
0.190571,0.981673
0.16645,0.98605
-0.429212,-0.903204
-0.429212,-0.903204
-0.429212,-0.903204
-0.478614,0.878025
-0.953946,0.299978
0.248226,-0.968702
-0.242374,0.970183
-0.242666,0.97011
-0.00864169,-0.999963
-0.00864169,-0.999963
-0.00864169,-0.999963
0.246851,-0.969053
-0.192352,-0.981326
-0.192362,-0.981324
-0.245393,0.969424
-0.245156,0.969484
-0.244867,0.969557
-0.24457,0.969632
-0.244313,0.969696
-0.13944,0.99023
0.694028,-0.719948
0.686257,-0.727359
0.700605,-0.713549
0.67667,-0.736287
0.686481,-0.727147
0.648934,0.760845
-0.944743,0.327812
-0.999135,0.0415857
-0.997231,-0.0743605
-0.975041,-0.222024
-0.97827,-0.207336
-0.827489,0.561482
-0.953946,0.299978
-0.953946,0.299977
0.246244,-0.969208
-0.24184,0.970316
-0.00864169,-0.999963
-0.192341,-0.981328
0.245468,-0.969405
-0.244111,0.969747
-0.139441,0.99023
0.706224,-0.707988
0.649015,0.760776
0.694853,-0.719152
-0.245109,0.969495
-0.988944,-0.148287
-0.960834,-0.277125
0.246491,-0.969145
0.245703,-0.969345
-0.241395,0.970427
-0.24253,0.970144
-0.00864169,-0.999963
-0.19233,-0.98133
0.244575,-0.96963
-0.192341,-0.981328
-0.244874,0.969555
-0.24463,0.969616
-0.24438,0.96968
-0.244147,0.969738
-0.243951,0.969787
-0.139441,0.99023
0.701812,-0.712362
0.707448,-0.706765
0.711671,-0.702513
0.694922,-0.719085
0.649084,0.760717
0.70209,-0.712089
-0.999734,-0.0230546
-0.988632,0.150354
-0.986341,-0.164714
-0.950356,-0.311165
-0.966874,-0.255254
-0.953947,0.299977
0.245021,-0.969518
0.244231,-0.969717
-0.240923,0.970544
0.0329185,-0.999458
0.0329185,-0.999458
0.0329185,-0.999458
-0.00864169,-0.999963
-0.19232,-0.981332
0.243487,-0.969904
-0.243799,0.969826
-0.139441,0.99023
0.713253,-0.700907
0.649141,0.760668
-0.244638,0.969615
0.708073,-0.706139
-0.936685,-0.350172
-0.953947,0.299976
0.243702,-0.96985
-0.240457,0.97066
0.0382728,-0.999267
0.0382728,-0.999267
0.0382728,-0.999267
-0.00864169,-0.999963
-0.192309,-0.981335
-0.192319,-0.981332
0.242834,-0.970068
-0.244421,0.969669
-0.244205,0.969724
-0.243999,0.969775
-0.243822,0.96982
-0.243685,0.969854
-0.139441,0.99023
0.712956,-0.701208
0.716671,-0.697411
0.719168,-0.694836
0.70807,-0.706142
0.649184,0.760631
0.712901,-0.701265
-0.976677,-0.214712
-0.992635,-0.121143
-0.957411,-0.288728
-0.939785,-0.341767
-0.925084,-0.379763
-0.953947,0.299975
0.243264,-0.96996
0.242511,-0.970149
-0.239994,0.970774
-0.00864169,-0.999963
-0.00864169,-0.999963
-0.00864169,-0.999963
-0.192299,-0.981336
0.241931,-0.970294
-0.243587,0.969879
-0.991621,-0.129184
-0.991621,-0.129184
-0.991621,-0.129184
0.649214,0.760606
-0.244249,0.969713
0.716916,-0.697159
-0.912796,-0.408416
-0.953947,0.299975
-0.239534,0.970888
0.242312,-0.970198
-0.00864169,-0.999963
-0.00864169,-0.999963
-0.192287,-0.981339
-0.192297,-0.981337
0.241652,-0.970363
-0.24407,0.969758
-0.243883,0.969805
-0.243725,0.969844
-0.243602,0.969875
-0.243535,0.969892
0.721852,-0.692048
0.722495,-0.691376
0.720159,-0.693809
0.722165,-0.691721
0.716631,-0.697453
0.649227,0.760595
0.719022,-0.694988
-0.961899,-0.273404
-0.944942,-0.327237
-0.928586,-0.371117
-0.914265,-0.405117
-0.902138,-0.431447
-0.953947,0.299974
0.241714,-0.970348
0.241104,-0.970499
-0.239096,0.970996
-0.00864169,-0.999963
-0.192284,-0.981339
0.240676,-0.970605
-0.243479,0.969906
0.649235,0.760588
-0.24402,0.96977
0.721972,-0.691922
-0.891817,-0.452397
-0.953947,0.299974
-0.238621,0.971113
-0.00864169,-0.999963
0.241868,-0.970309
-0.00864169,-0.999963
-0.192264,-0.981343
-0.192275,-0.981341
0.240289,-0.970701
-0.243802,0.969825
-0.24367,0.969858
-0.243556,0.969887
-0.243484,0.969905
0.724332,-0.689451
0.72399,-0.68981
0.72148,-0.692435
-0.981482,0.191557
-0.981482,0.191557
-0.981482,0.191557
-0.930806,-0.365514
-0.916687,-0.399607
-0.903756,-0.428047
-0.892483,-0.45108
-0.882837,-0.469679
-0.953948,0.299973
0.240474,-0.970656
0.240025,-0.970767
-0.238335,0.971183
-0.00864169,-0.999963
-0.23816,0.971226
-0.238233,0.971208
-0.00864169,-0.999963
0.239778,-0.970828
-0.243449,0.969914
-0.243672,0.969858
-0.243706,0.969849
0.7241,-0.689695
-0.874576,-0.484888
-0.953948,0.299973
-0.23821,0.971214
-0.00864169,-0.999963
-0.00864169,-0.999963
-0.238089,0.971243
-0.192243,-0.981347
-0.192252,-0.981346
-0.192253,-0.981345
0.239909,-0.970795
-0.243569,0.969884
-0.243483,0.969905
0.725112,-0.688631
-0.904771,-0.425898
-0.893574,-0.448916
-0.883554,-0.468329
-0.874861,-0.484374
-0.867437,-0.497547
-0.953948,0.299973
0.239599,-0.970872
0.23926,-0.970956
-0.238256,0.971202
-0.00864169,-0.999963
-0.237968,0.971273
-0.237932,0.971282
-0.237929,0.971283
-0.861132,-0.508381
-0.651747,0.758437
-0.651747,0.758437
-0.651747,0.758437
0.238613,-0.971115
-0.238008,0.971263
-0.238041,0.971255
-0.0086417,-0.999963
-0.192234,-0.981349
-0.192227,-0.98135
-0.237946,0.971278
-0.192233,-0.981349
-0.237911,0.971287
-0.884002,-0.467483
-0.875328,-0.483529
-0.867721,-0.497051
-0.861221,-0.50823
-0.85578,-0.517341
-0.725902,-0.687798
-0.725902,-0.687798
-0.725902,-0.687798
0.239302,-0.970945
0.238544,-0.971132
-0.00864169,-0.999963
-0.0086417,-0.999963
0.238138,-0.971231
0.238215,-0.971212
-0.851296,-0.524685
0.213547,-0.976933
0.213547,-0.976933
0.213547,-0.976933
-0.237946,0.971278
-0.237911,0.971287
-0.237991,0.971267
-0.238,0.971265
-0.0086417,-0.999963
-0.192217,-0.981352
-0.237888,0.971293
0.238043,-0.971255
-0.867902,-0.496736
-0.86138,-0.507961
-0.855824,-0.517268
-0.851243,-0.524772
-0.847618,-0.530607
-0.844894,-0.534934
-0.842744,-0.538314
-0.842051,-0.539398
-0.0086417,-0.999963
-0.19221,-0.981354
-0.237883,0.971294
-0.840857,-0.541258
-0.2379,0.97129
-0.0086417,-0.999963
-0.0086417,-0.999963
-0.237877,0.971295
-0.0086417,-0.999963
-0.192204,-0.981355
-0.585336,0.810791
-0.585336,0.810791
-0.585336,0.810791
-0.841043,-0.540968
-0.855865,-0.5172
-0.851215,-0.524817
-0.84746,-0.530859
-0.844616,-0.535373
-0.237907,0.971288
-0.237866,0.971298
-0.1922,-0.981356
-0.840043,-0.54252
-0.996455,0.0841282
-0.996455,0.0841282
-0.996455,0.0841282
-0.999391,0.0348959
-0.999391,0.0348959
-0.999391,0.0348959
-0.0086417,-0.999963
-0.999391,0.0348959
-0.999391,0.0348959
-0.192198,-0.981356
-0.840238,-0.542218
-0.842317,-0.538983
-0.847411,-0.530937
-0.844433,-0.535661
-0.999391,0.0348959
-0.996455,0.0841282
-0.192197,-0.981356
-0.839698,-0.543053
-0.840737,-0.541444
-0.840089,-0.542448
-0.842202,-0.539162
